"Plot Title: 21223116"
"#","Date Time, GMT-07:00","Temp, °C (LGR S/N: 21223116, SEN S/N: 21223116)","Coupler Attached (LGR S/N: 21223116)","Host Connected (LGR S/N: 21223116)","Stopped (LGR S/N: 21223116)","End Of File (LGR S/N: 21223116)"
1,03/29/22 05:00:00 PM,13.269,,,,
2,03/29/22 06:00:00 PM,12.110,,,,
3,03/29/22 07:00:00 PM,11.528,,,,
4,03/29/22 08:00:00 PM,10.846,,,,
5,03/29/22 09:00:00 PM,9.965,,,,
6,03/29/22 10:00:00 PM,8.779,,,,
7,03/29/22 11:00:00 PM,8.680,,,,
8,03/30/22 12:00:00 AM,8.779,,,,
9,03/30/22 01:00:00 AM,8.680,,,,
10,03/30/22 02:00:00 AM,8.282,,,,
11,03/30/22 03:00:00 AM,8.282,,,,
12,03/30/22 04:00:00 AM,8.182,,,,
13,03/30/22 05:00:00 AM,8.282,,,,
14,03/30/22 06:00:00 AM,7.882,,,,
15,03/30/22 07:00:00 AM,7.882,,,,
16,03/30/22 08:00:00 AM,8.082,,,,
17,03/30/22 09:00:00 AM,8.581,,,,
18,03/30/22 10:00:00 AM,8.978,,,,
19,03/30/22 11:00:00 AM,10.161,,,,
20,03/30/22 12:00:00 PM,11.334,,,,
21,03/30/22 01:00:00 PM,12.594,,,,
22,03/30/22 02:00:00 PM,13.461,,,,
23,03/30/22 03:00:00 PM,12.594,,,,
24,03/30/22 04:00:00 PM,12.013,,,,
25,03/30/22 05:00:00 PM,10.944,,,,
26,03/30/22 06:00:00 PM,11.139,,,,
27,03/30/22 07:00:00 PM,10.161,,,,
28,03/30/22 08:00:00 PM,8.978,,,,
29,03/30/22 09:00:00 PM,8.082,,,,
30,03/30/22 10:00:00 PM,7.682,,,,
31,03/30/22 11:00:00 PM,7.280,,,,
32,03/31/22 12:00:00 AM,6.268,,,,
33,03/31/22 01:00:00 AM,5.655,,,,
34,03/31/22 02:00:00 AM,5.552,,,,
35,03/31/22 03:00:00 AM,5.655,,,,
36,03/31/22 04:00:00 AM,5.552,,,,
37,03/31/22 05:00:00 AM,5.244,,,,
38,03/31/22 06:00:00 AM,5.141,,,,
39,03/31/22 07:00:00 AM,4.311,,,,
40,03/31/22 08:00:00 AM,4.831,,,,
41,03/31/22 09:00:00 AM,5.860,,,,
42,03/31/22 10:00:00 AM,6.573,,,,
43,03/31/22 11:00:00 AM,7.280,,,,
44,03/31/22 12:00:00 PM,9.472,,,,
45,03/31/22 01:00:00 PM,9.669,,,,
46,03/31/22 02:00:00 PM,11.625,,,,
47,03/31/22 03:00:00 PM,13.365,,,,
48,03/31/22 04:00:00 PM,12.787,,,,
49,03/31/22 05:00:00 PM,12.883,,,,
50,03/31/22 06:00:00 PM,11.819,,,,
51,03/31/22 07:00:00 PM,11.431,,,,
52,03/31/22 08:00:00 PM,10.455,,,,
53,03/31/22 09:00:00 PM,9.669,,,,
54,03/31/22 10:00:00 PM,8.779,,,,
55,03/31/22 11:00:00 PM,7.882,,,,
56,04/01/22 12:00:00 AM,7.481,,,,
57,04/01/22 01:00:00 AM,7.079,,,,
58,04/01/22 02:00:00 AM,5.962,,,,
59,04/01/22 03:00:00 AM,5.757,,,,
60,04/01/22 04:00:00 AM,5.552,,,,
61,04/01/22 05:00:00 AM,4.831,,,,
62,04/01/22 06:00:00 AM,4.102,,,,
63,04/01/22 07:00:00 AM,3.578,,,,
64,04/01/22 08:00:00 AM,4.831,,,,
65,04/01/22 09:00:00 AM,6.064,,,,
66,04/01/22 10:00:00 AM,7.481,,,,
67,04/01/22 11:00:00 AM,8.779,,,,
68,04/01/22 12:00:00 PM,9.768,,,,
69,04/01/22 01:00:00 PM,11.431,,,,
70,04/01/22 02:00:00 PM,12.013,,,,
71,04/01/22 03:00:00 PM,12.110,,,,
72,04/01/22 04:00:00 PM,11.916,,,,
73,04/01/22 05:00:00 PM,11.625,,,,
74,04/01/22 06:00:00 PM,10.846,,,,
75,04/01/22 07:00:00 PM,10.259,,,,
76,04/01/22 08:00:00 PM,9.176,,,,
77,04/01/22 09:00:00 PM,9.077,,,,
78,04/01/22 10:00:00 PM,8.581,,,,
79,04/01/22 11:00:00 PM,7.882,,,,
80,04/02/22 12:00:00 AM,7.983,,,,
81,04/02/22 01:00:00 AM,7.481,,,,
82,04/02/22 02:00:00 AM,6.674,,,,
83,04/02/22 03:00:00 AM,6.064,,,,
84,04/02/22 04:00:00 AM,5.860,,,,
85,04/02/22 05:00:00 AM,5.757,,,,
86,04/02/22 06:00:00 AM,5.244,,,,
87,04/02/22 07:00:00 AM,4.934,,,,
88,04/02/22 08:00:00 AM,6.166,,,,
89,04/02/22 09:00:00 AM,7.582,,,,
90,04/02/22 10:00:00 AM,8.978,,,,
91,04/02/22 11:00:00 AM,9.866,,,,
92,04/02/22 12:00:00 PM,10.259,,,,
93,04/02/22 01:00:00 PM,12.013,,,,
94,04/02/22 02:00:00 PM,11.625,,,,
95,04/02/22 03:00:00 PM,13.076,,,,
96,04/02/22 04:00:00 PM,13.076,,,,
97,04/02/22 05:00:00 PM,13.461,,,,
98,04/02/22 06:00:00 PM,13.076,,,,
99,04/02/22 07:00:00 PM,12.110,,,,
100,04/02/22 08:00:00 PM,11.041,,,,
101,04/02/22 09:00:00 PM,10.161,,,,
102,04/02/22 10:00:00 PM,8.581,,,,
103,04/02/22 11:00:00 PM,8.082,,,,
104,04/03/22 12:00:00 AM,7.782,,,,
105,04/03/22 01:00:00 AM,7.481,,,,
106,04/03/22 02:00:00 AM,7.280,,,,
107,04/03/22 03:00:00 AM,7.079,,,,
108,04/03/22 04:00:00 AM,6.877,,,,
109,04/03/22 05:00:00 AM,6.877,,,,
110,04/03/22 06:00:00 AM,6.877,,,,
111,04/03/22 07:00:00 AM,6.674,,,,
112,04/03/22 08:00:00 AM,6.978,,,,
113,04/03/22 09:00:00 AM,7.782,,,,
114,04/03/22 10:00:00 AM,10.357,,,,
115,04/03/22 11:00:00 AM,11.431,,,,
116,04/03/22 12:00:00 PM,12.013,,,,
117,04/03/22 01:00:00 PM,12.497,,,,
118,04/03/22 02:00:00 PM,12.690,,,,
119,04/03/22 03:00:00 PM,12.304,,,,
120,04/03/22 04:00:00 PM,12.013,,,,
121,04/03/22 05:00:00 PM,11.916,,,,
122,04/03/22 06:00:00 PM,11.431,,,,
123,04/03/22 07:00:00 PM,10.846,,,,
124,04/03/22 08:00:00 PM,10.063,,,,
125,04/03/22 09:00:00 PM,9.077,,,,
126,04/03/22 10:00:00 PM,8.581,,,,
127,04/03/22 11:00:00 PM,8.382,,,,
128,04/04/22 12:00:00 AM,8.082,,,,
129,04/04/22 01:00:00 AM,7.882,,,,
130,04/04/22 02:00:00 AM,8.082,,,,
131,04/04/22 03:00:00 AM,8.382,,,,
132,04/04/22 04:00:00 AM,8.382,,,,
133,04/04/22 05:00:00 AM,8.581,,,,
134,04/04/22 06:00:00 AM,8.481,,,,
135,04/04/22 07:00:00 AM,7.481,,,,
136,04/04/22 08:00:00 AM,7.381,,,,
137,04/04/22 09:00:00 AM,6.775,,,,
138,04/04/22 10:00:00 AM,8.382,,,,
139,04/04/22 11:00:00 AM,6.166,,,,
140,04/04/22 12:00:00 PM,7.381,,,,
141,04/04/22 01:00:00 PM,8.382,,,,
142,04/04/22 02:00:00 PM,9.077,,,,
143,04/04/22 03:00:00 PM,8.680,,,,
144,04/04/22 04:00:00 PM,8.581,,,,
145,04/04/22 05:00:00 PM,5.141,,,,
146,04/04/22 06:00:00 PM,5.347,,,,
147,04/04/22 07:00:00 PM,6.775,,,,
148,04/04/22 08:00:00 PM,5.244,,,,
149,04/04/22 09:00:00 PM,4.831,,,,
150,04/04/22 10:00:00 PM,4.415,,,,
151,04/04/22 11:00:00 PM,4.102,,,,
152,04/05/22 12:00:00 AM,4.727,,,,
153,04/05/22 01:00:00 AM,4.311,,,,
154,04/05/22 02:00:00 AM,3.893,,,,
155,04/05/22 03:00:00 AM,4.311,,,,
156,04/05/22 04:00:00 AM,4.207,,,,
157,04/05/22 05:00:00 AM,4.415,,,,
158,04/05/22 06:00:00 AM,4.623,,,,
159,04/05/22 07:00:00 AM,4.519,,,,
160,04/05/22 08:00:00 AM,4.934,,,,
161,04/05/22 09:00:00 AM,6.268,,,,
162,04/05/22 10:00:00 AM,7.682,,,,
163,04/05/22 11:00:00 AM,8.879,,,,
164,04/05/22 12:00:00 PM,9.866,,,,
165,04/05/22 01:00:00 PM,10.651,,,,
166,04/05/22 02:00:00 PM,11.625,,,,
167,04/05/22 03:00:00 PM,12.401,,,,
168,04/05/22 04:00:00 PM,12.013,,,,
169,04/05/22 05:00:00 PM,12.304,,,,
170,04/05/22 06:00:00 PM,11.528,,,,
171,04/05/22 07:00:00 PM,10.846,,,,
172,04/05/22 08:00:00 PM,9.571,,,,
173,04/05/22 09:00:00 PM,8.581,,,,
174,04/05/22 10:00:00 PM,7.682,,,,
175,04/05/22 11:00:00 PM,5.450,,,,
176,04/06/22 12:00:00 AM,4.415,,,,
177,04/06/22 01:00:00 AM,3.578,,,,
178,04/06/22 02:00:00 AM,2.943,,,,
179,04/06/22 03:00:00 AM,2.410,,,,
180,04/06/22 04:00:00 AM,1.656,,,,
181,04/06/22 05:00:00 AM,1.330,,,,
182,04/06/22 06:00:00 AM,1.003,,,,
183,04/06/22 07:00:00 AM,0.453,,,,
184,04/06/22 08:00:00 AM,1.656,,,,
185,04/06/22 09:00:00 AM,4.934,,,,
186,04/06/22 10:00:00 AM,6.674,,,,
187,04/06/22 11:00:00 AM,8.282,,,,
188,04/06/22 12:00:00 PM,9.866,,,,
189,04/06/22 01:00:00 PM,12.304,,,,
190,04/06/22 02:00:00 PM,13.654,,,,
191,04/06/22 03:00:00 PM,14.517,,,,
192,04/06/22 04:00:00 PM,14.804,,,,
193,04/06/22 05:00:00 PM,15.760,,,,
194,04/06/22 06:00:00 PM,15.282,,,,
195,04/06/22 07:00:00 PM,14.134,,,,
196,04/06/22 08:00:00 PM,12.883,,,,
197,04/06/22 09:00:00 PM,12.013,,,,
198,04/06/22 10:00:00 PM,12.110,,,,
199,04/06/22 11:00:00 PM,11.722,,,,
200,04/07/22 12:00:00 AM,11.041,,,,
201,04/07/22 01:00:00 AM,9.965,,,,
202,04/07/22 02:00:00 AM,9.275,,,,
203,04/07/22 03:00:00 AM,8.382,,,,
204,04/07/22 04:00:00 AM,7.682,,,,
205,04/07/22 05:00:00 AM,6.268,,,,
206,04/07/22 06:00:00 AM,5.655,,,,
207,04/07/22 07:00:00 AM,5.347,,,,
208,04/07/22 08:00:00 AM,5.860,,,,
209,04/07/22 09:00:00 AM,8.082,,,,
210,04/07/22 10:00:00 AM,10.944,,,,
211,04/07/22 11:00:00 AM,14.613,,,,
212,04/07/22 12:00:00 PM,17.284,,,,
213,04/07/22 01:00:00 PM,19.853,,,,
214,04/07/22 02:00:00 PM,21.855,,,,
215,04/07/22 03:00:00 PM,23.677,,,,
216,04/07/22 04:00:00 PM,23.292,,,,
217,04/07/22 05:00:00 PM,23.004,,,,
218,04/07/22 06:00:00 PM,22.333,,,,
219,04/07/22 07:00:00 PM,20.996,,,,
220,04/07/22 08:00:00 PM,18.996,,,,
221,04/07/22 09:00:00 PM,18.901,,,,
222,04/07/22 10:00:00 PM,17.475,,,,
223,04/07/22 11:00:00 PM,16.713,,,,
224,04/08/22 12:00:00 AM,14.517,,,,
225,04/08/22 01:00:00 AM,13.461,,,,
226,04/08/22 02:00:00 AM,12.594,,,,
227,04/08/22 03:00:00 AM,9.768,,,,
228,04/08/22 04:00:00 AM,8.382,,,,
229,04/08/22 05:00:00 AM,8.779,,,,
230,04/08/22 06:00:00 AM,9.176,,,,
231,04/08/22 07:00:00 AM,8.382,,,,
232,04/08/22 08:00:00 AM,8.382,,,,
233,04/08/22 09:00:00 AM,8.481,,,,
234,04/08/22 10:00:00 AM,8.779,,,,
235,04/08/22 11:00:00 AM,9.472,,,,
236,04/08/22 12:00:00 PM,10.455,,,,
237,04/08/22 01:00:00 PM,11.334,,,,
238,04/08/22 02:00:00 PM,10.651,,,,
239,04/08/22 03:00:00 PM,8.978,,,,
240,04/08/22 04:00:00 PM,9.866,,,,
241,04/08/22 05:00:00 PM,10.651,,,,
242,04/08/22 06:00:00 PM,8.779,,,,
243,04/08/22 07:00:00 PM,8.680,,,,
244,04/08/22 08:00:00 PM,7.882,,,,
245,04/08/22 09:00:00 PM,7.079,,,,
246,04/08/22 10:00:00 PM,6.877,,,,
247,04/08/22 11:00:00 PM,6.471,,,,
248,04/09/22 12:00:00 AM,6.064,,,,
249,04/09/22 01:00:00 AM,5.450,,,,
250,04/09/22 02:00:00 AM,5.552,,,,
251,04/09/22 03:00:00 AM,5.141,,,,
252,04/09/22 04:00:00 AM,4.934,,,,
253,04/09/22 05:00:00 AM,4.727,,,,
254,04/09/22 06:00:00 AM,4.311,,,,
255,04/09/22 07:00:00 AM,3.155,,,,
256,04/09/22 08:00:00 AM,4.727,,,,
257,04/09/22 09:00:00 AM,5.450,,,,
258,04/09/22 10:00:00 AM,6.775,,,,
259,04/09/22 11:00:00 AM,8.082,,,,
260,04/09/22 12:00:00 PM,8.680,,,,
261,04/09/22 01:00:00 PM,9.768,,,,
262,04/09/22 02:00:00 PM,10.455,,,,
263,04/09/22 03:00:00 PM,10.357,,,,
264,04/09/22 04:00:00 PM,10.161,,,,
265,04/09/22 05:00:00 PM,9.571,,,,
266,04/09/22 06:00:00 PM,8.978,,,,
267,04/09/22 07:00:00 PM,8.282,,,,
268,04/09/22 08:00:00 PM,7.179,,,,
269,04/09/22 09:00:00 PM,6.064,,,,
270,04/09/22 10:00:00 PM,4.415,,,,
271,04/09/22 11:00:00 PM,3.472,,,,
272,04/10/22 12:00:00 AM,3.788,,,,
273,04/10/22 01:00:00 AM,3.788,,,,
274,04/10/22 02:00:00 AM,3.893,,,,
275,04/10/22 03:00:00 AM,3.788,,,,
276,04/10/22 04:00:00 AM,3.788,,,,
277,04/10/22 05:00:00 AM,4.311,,,,
278,04/10/22 06:00:00 AM,4.415,,,,
279,04/10/22 07:00:00 AM,4.311,,,,
280,04/10/22 08:00:00 AM,4.207,,,,
281,04/10/22 09:00:00 AM,4.207,,,,
282,04/10/22 10:00:00 AM,5.141,,,,
283,04/10/22 11:00:00 AM,5.450,,,,
284,04/10/22 12:00:00 PM,4.934,,,,
285,04/10/22 01:00:00 PM,6.877,,,,
286,04/10/22 02:00:00 PM,8.581,,,,
287,04/10/22 03:00:00 PM,8.382,,,,
288,04/10/22 04:00:00 PM,8.182,,,,
289,04/10/22 05:00:00 PM,7.983,,,,
290,04/10/22 06:00:00 PM,6.370,,,,
291,04/10/22 07:00:00 PM,5.347,,,,
292,04/10/22 08:00:00 PM,4.311,,,,
293,04/10/22 09:00:00 PM,4.102,,,,
294,04/10/22 10:00:00 PM,3.367,,,,
295,04/10/22 11:00:00 PM,3.261,,,,
296,04/11/22 12:00:00 AM,3.367,,,,
297,04/11/22 01:00:00 AM,3.788,,,,
298,04/11/22 02:00:00 AM,3.893,,,,
299,04/11/22 03:00:00 AM,4.102,,,,
300,04/11/22 04:00:00 AM,4.102,,,,
301,04/11/22 05:00:00 AM,3.683,,,,
302,04/11/22 06:00:00 AM,3.788,,,,
303,04/11/22 07:00:00 AM,4.415,,,,
304,04/11/22 08:00:00 AM,5.244,,,,
305,04/11/22 09:00:00 AM,6.166,,,,
306,04/11/22 10:00:00 AM,6.775,,,,
307,04/11/22 11:00:00 AM,7.983,,,,
308,04/11/22 12:00:00 PM,9.275,,,,
309,04/11/22 01:00:00 PM,9.965,,,,
310,04/11/22 02:00:00 PM,9.965,,,,
311,04/11/22 03:00:00 PM,10.259,,,,
312,04/11/22 04:00:00 PM,11.139,,,,
313,04/11/22 05:00:00 PM,8.680,,,,
314,04/11/22 06:00:00 PM,9.176,,,,
315,04/11/22 07:00:00 PM,7.582,,,,
316,04/11/22 08:00:00 PM,6.573,,,,
317,04/11/22 09:00:00 PM,5.860,,,,
318,04/11/22 10:00:00 PM,5.037,,,,
319,04/11/22 11:00:00 PM,4.623,,,,
320,04/12/22 12:00:00 AM,3.998,,,,
321,04/12/22 01:00:00 AM,3.367,,,,
322,04/12/22 02:00:00 AM,3.367,,,,
323,04/12/22 03:00:00 AM,3.472,,,,
324,04/12/22 04:00:00 AM,4.311,,,,
325,04/12/22 05:00:00 AM,3.578,,,,
326,04/12/22 06:00:00 AM,3.155,,,,
327,04/12/22 07:00:00 AM,3.261,,,,
328,04/12/22 08:00:00 AM,3.578,,,,
329,04/12/22 09:00:00 AM,3.367,,,,
330,04/12/22 10:00:00 AM,4.311,,,,
331,04/12/22 11:00:00 AM,5.860,,,,
332,04/12/22 12:00:00 PM,7.481,,,,
333,04/12/22 01:00:00 PM,7.582,,,,
334,04/12/22 02:00:00 PM,4.934,,,,
335,04/12/22 03:00:00 PM,1.439,,,,
336,04/12/22 04:00:00 PM,4.934,,,,
337,04/12/22 05:00:00 PM,6.166,,,,
338,04/12/22 06:00:00 PM,6.268,,,,
339,04/12/22 07:00:00 PM,4.207,,,,
340,04/12/22 08:00:00 PM,3.578,,,,
341,04/12/22 09:00:00 PM,2.730,,,,
342,04/12/22 10:00:00 PM,1.764,,,,
343,04/12/22 11:00:00 PM,1.330,,,,
344,04/13/22 12:00:00 AM,1.112,,,,
345,04/13/22 01:00:00 AM,1.003,,,,
346,04/13/22 02:00:00 AM,1.439,,,,
347,04/13/22 03:00:00 AM,0.893,,,,
348,04/13/22 04:00:00 AM,0.893,,,,
349,04/13/22 05:00:00 AM,1.003,,,,
350,04/13/22 06:00:00 AM,0.893,,,,
351,04/13/22 07:00:00 AM,1.221,,,,
352,04/13/22 08:00:00 AM,2.195,,,,
353,04/13/22 09:00:00 AM,3.472,,,,
354,04/13/22 10:00:00 AM,4.311,,,,
355,04/13/22 11:00:00 AM,3.893,,,,
356,04/13/22 12:00:00 PM,4.415,,,,
357,04/13/22 01:00:00 PM,5.757,,,,
358,04/13/22 02:00:00 PM,5.962,,,,
359,04/13/22 03:00:00 PM,5.347,,,,
360,04/13/22 04:00:00 PM,3.998,,,,
361,04/13/22 05:00:00 PM,4.519,,,,
362,04/13/22 06:00:00 PM,4.519,,,,
363,04/13/22 07:00:00 PM,3.367,,,,
364,04/13/22 08:00:00 PM,3.261,,,,
365,04/13/22 09:00:00 PM,3.049,,,,
366,04/13/22 10:00:00 PM,2.517,,,,
367,04/13/22 11:00:00 PM,1.872,,,,
368,04/14/22 12:00:00 AM,1.221,,,,
369,04/14/22 01:00:00 AM,1.221,,,,
370,04/14/22 02:00:00 AM,1.003,,,,
371,04/14/22 03:00:00 AM,0.784,,,,
372,04/14/22 04:00:00 AM,0.784,,,,
373,04/14/22 05:00:00 AM,0.893,,,,
374,04/14/22 06:00:00 AM,1.003,,,,
375,04/14/22 07:00:00 AM,1.112,,,,
376,04/14/22 08:00:00 AM,1.112,,,,
377,04/14/22 09:00:00 AM,1.764,,,,
378,04/14/22 10:00:00 AM,3.261,,,,
379,04/14/22 11:00:00 AM,2.837,,,,
380,04/14/22 12:00:00 PM,3.261,,,,
381,04/14/22 01:00:00 PM,6.370,,,,
382,04/14/22 02:00:00 PM,7.983,,,,
383,04/14/22 03:00:00 PM,8.779,,,,
384,04/14/22 04:00:00 PM,9.373,,,,
385,04/14/22 05:00:00 PM,9.669,,,,
386,04/14/22 06:00:00 PM,6.775,,,,
387,04/14/22 07:00:00 PM,6.064,,,,
388,04/14/22 08:00:00 PM,5.244,,,,
389,04/14/22 09:00:00 PM,4.727,,,,
390,04/14/22 10:00:00 PM,4.207,,,,
391,04/14/22 11:00:00 PM,3.261,,,,
392,04/15/22 12:00:00 AM,3.261,,,,
393,04/15/22 01:00:00 AM,2.303,,,,
394,04/15/22 02:00:00 AM,1.439,,,,
395,04/15/22 03:00:00 AM,1.330,,,,
396,04/15/22 04:00:00 AM,1.548,,,,
397,04/15/22 05:00:00 AM,1.221,,,,
398,04/15/22 06:00:00 AM,1.439,,,,
399,04/15/22 07:00:00 AM,2.624,,,,
400,04/15/22 08:00:00 AM,3.683,,,,
401,04/15/22 09:00:00 AM,4.415,,,,
402,04/15/22 10:00:00 AM,5.347,,,,
403,04/15/22 11:00:00 AM,5.860,,,,
404,04/15/22 12:00:00 PM,7.481,,,,
405,04/15/22 01:00:00 PM,7.782,,,,
406,04/15/22 02:00:00 PM,9.965,,,,
407,04/15/22 03:00:00 PM,8.680,,,,
408,04/15/22 04:00:00 PM,10.553,,,,
409,04/15/22 05:00:00 PM,11.236,,,,
410,04/15/22 06:00:00 PM,11.139,,,,
411,04/15/22 07:00:00 PM,9.669,,,,
412,04/15/22 08:00:00 PM,7.882,,,,
413,04/15/22 09:00:00 PM,6.064,,,,
414,04/15/22 10:00:00 PM,5.347,,,,
415,04/15/22 11:00:00 PM,4.415,,,,
416,04/16/22 12:00:00 AM,4.102,,,,
417,04/16/22 01:00:00 AM,3.155,,,,
418,04/16/22 02:00:00 AM,2.410,,,,
419,04/16/22 03:00:00 AM,2.088,,,,
420,04/16/22 04:00:00 AM,1.764,,,,
421,04/16/22 05:00:00 AM,1.330,,,,
422,04/16/22 06:00:00 AM,1.872,,,,
423,04/16/22 07:00:00 AM,1.656,,,,
424,04/16/22 08:00:00 AM,2.410,,,,
425,04/16/22 09:00:00 AM,3.893,,,,
426,04/16/22 10:00:00 AM,6.471,,,,
427,04/16/22 11:00:00 AM,7.079,,,,
428,04/16/22 12:00:00 PM,6.064,,,,
429,04/16/22 01:00:00 PM,6.064,,,,
430,04/16/22 02:00:00 PM,6.775,,,,
431,04/16/22 03:00:00 PM,8.481,,,,
432,04/16/22 04:00:00 PM,4.207,,,,
433,04/16/22 05:00:00 PM,3.893,,,,
434,04/16/22 06:00:00 PM,6.064,,,,
435,04/16/22 07:00:00 PM,6.370,,,,
436,04/16/22 08:00:00 PM,5.450,,,,
437,04/16/22 09:00:00 PM,4.623,,,,
438,04/16/22 10:00:00 PM,4.311,,,,
439,04/16/22 11:00:00 PM,3.683,,,,
440,04/17/22 12:00:00 AM,3.155,,,,
441,04/17/22 01:00:00 AM,3.155,,,,
442,04/17/22 02:00:00 AM,3.367,,,,
443,04/17/22 03:00:00 AM,2.410,,,,
444,04/17/22 04:00:00 AM,1.764,,,,
445,04/17/22 05:00:00 AM,1.872,,,,
446,04/17/22 06:00:00 AM,1.112,,,,
447,04/17/22 07:00:00 AM,0.784,,,,
448,04/17/22 08:00:00 AM,1.980,,,,
449,04/17/22 09:00:00 AM,5.655,,,,
450,04/17/22 10:00:00 AM,7.682,,,,
451,04/17/22 11:00:00 AM,8.581,,,,
452,04/17/22 12:00:00 PM,9.965,,,,
453,04/17/22 01:00:00 PM,11.722,,,,
454,04/17/22 02:00:00 PM,12.594,,,,
455,04/17/22 03:00:00 PM,13.269,,,,
456,04/17/22 04:00:00 PM,14.613,,,,
457,04/17/22 05:00:00 PM,14.038,,,,
458,04/17/22 06:00:00 PM,14.038,,,,
459,04/17/22 07:00:00 PM,13.461,,,,
460,04/17/22 08:00:00 PM,11.528,,,,
461,04/17/22 09:00:00 PM,10.748,,,,
462,04/17/22 10:00:00 PM,11.236,,,,
463,04/17/22 11:00:00 PM,12.110,,,,
464,04/18/22 12:00:00 AM,11.431,,,,
465,04/18/22 01:00:00 AM,11.139,,,,
466,04/18/22 02:00:00 AM,10.846,,,,
467,04/18/22 03:00:00 AM,9.768,,,,
468,04/18/22 04:00:00 AM,8.581,,,,
469,04/18/22 05:00:00 AM,8.282,,,,
470,04/18/22 06:00:00 AM,7.983,,,,
471,04/18/22 07:00:00 AM,7.882,,,,
472,04/18/22 08:00:00 AM,8.481,,,,
473,04/18/22 09:00:00 AM,8.978,,,,
474,04/18/22 10:00:00 AM,10.063,,,,
475,04/18/22 11:00:00 AM,10.455,,,,
476,04/18/22 12:00:00 PM,9.571,,,,
477,04/18/22 01:00:00 PM,9.176,,,,
478,04/18/22 02:00:00 PM,9.176,,,,
479,04/18/22 03:00:00 PM,9.472,,,,
480,04/18/22 04:00:00 PM,10.063,,,,
481,04/18/22 05:00:00 PM,9.866,,,,
482,04/18/22 06:00:00 PM,8.382,,,,
483,04/18/22 07:00:00 PM,6.674,,,,
484,04/18/22 08:00:00 PM,6.268,,,,
485,04/18/22 09:00:00 PM,6.064,,,,
486,04/18/22 10:00:00 PM,5.962,,,,
487,04/18/22 11:00:00 PM,5.860,,,,
488,04/19/22 12:00:00 AM,5.244,,,,
489,04/19/22 01:00:00 AM,5.450,,,,
490,04/19/22 02:00:00 AM,5.037,,,,
491,04/19/22 03:00:00 AM,4.934,,,,
492,04/19/22 04:00:00 AM,4.934,,,,
493,04/19/22 05:00:00 AM,5.037,,,,
494,04/19/22 06:00:00 AM,5.244,,,,
495,04/19/22 07:00:00 AM,5.037,,,,
496,04/19/22 08:00:00 AM,5.757,,,,
497,04/19/22 09:00:00 AM,6.064,,,,
498,04/19/22 10:00:00 AM,7.179,,,,
499,04/19/22 11:00:00 AM,8.581,,,,
500,04/19/22 12:00:00 PM,9.077,,,,
501,04/19/22 01:00:00 PM,8.382,,,,
502,04/19/22 02:00:00 PM,10.063,,,,
503,04/19/22 03:00:00 PM,11.431,,,,
504,04/19/22 04:00:00 PM,12.594,,,,
505,04/19/22 05:00:00 PM,12.980,,,,
506,04/19/22 06:00:00 PM,12.787,,,,
507,04/19/22 07:00:00 PM,12.110,,,,
508,04/19/22 08:00:00 PM,10.259,,,,
509,04/19/22 09:00:00 PM,7.682,,,,
510,04/19/22 10:00:00 PM,6.674,,,,
511,04/19/22 11:00:00 PM,5.962,,,,
512,04/20/22 12:00:00 AM,5.552,,,,
513,04/20/22 01:00:00 AM,5.757,,,,
514,04/20/22 02:00:00 AM,4.934,,,,
515,04/20/22 03:00:00 AM,4.623,,,,
516,04/20/22 04:00:00 AM,3.788,,,,
517,04/20/22 05:00:00 AM,3.261,,,,
518,04/20/22 06:00:00 AM,2.943,,,,
519,04/20/22 07:00:00 AM,3.261,,,,
520,04/20/22 08:00:00 AM,5.757,,,,
521,04/20/22 09:00:00 AM,6.775,,,,
522,04/20/22 10:00:00 AM,8.282,,,,
523,04/20/22 11:00:00 AM,9.571,,,,
524,04/20/22 12:00:00 PM,10.063,,,,
525,04/20/22 01:00:00 PM,11.236,,,,
526,04/20/22 02:00:00 PM,8.680,,,,
527,04/20/22 03:00:00 PM,8.382,,,,
528,04/20/22 04:00:00 PM,8.282,,,,
529,04/20/22 05:00:00 PM,10.944,,,,
530,04/20/22 06:00:00 PM,12.110,,,,
531,04/20/22 07:00:00 PM,10.357,,,,
532,04/20/22 08:00:00 PM,9.275,,,,
533,04/20/22 09:00:00 PM,7.682,,,,
534,04/20/22 10:00:00 PM,7.381,,,,
535,04/20/22 11:00:00 PM,6.268,,,,
536,04/21/22 12:00:00 AM,6.471,,,,
537,04/21/22 01:00:00 AM,6.877,,,,
538,04/21/22 02:00:00 AM,7.179,,,,
539,04/21/22 03:00:00 AM,6.978,,,,
540,04/21/22 04:00:00 AM,7.179,,,,
541,04/21/22 05:00:00 AM,6.573,,,,
542,04/21/22 06:00:00 AM,6.674,,,,
543,04/21/22 07:00:00 AM,6.471,,,,
544,04/21/22 08:00:00 AM,6.775,,,,
545,04/21/22 09:00:00 AM,9.077,,,,
546,04/21/22 10:00:00 AM,9.768,,,,
547,04/21/22 11:00:00 AM,9.571,,,,
548,04/21/22 12:00:00 PM,10.259,,,,
549,04/21/22 01:00:00 PM,12.304,,,,
550,04/21/22 02:00:00 PM,13.076,,,,
551,04/21/22 03:00:00 PM,11.236,,,,
552,04/21/22 04:00:00 PM,12.304,,,,
553,04/21/22 05:00:00 PM,8.978,,,,
554,04/21/22 06:00:00 PM,9.669,,,,
555,04/21/22 07:00:00 PM,8.481,,,,
556,04/21/22 08:00:00 PM,7.882,,,,
557,04/21/22 09:00:00 PM,7.782,,,,
558,04/21/22 10:00:00 PM,7.381,,,,
559,04/21/22 11:00:00 PM,6.674,,,,
560,04/22/22 12:00:00 AM,6.674,,,,
561,04/22/22 01:00:00 AM,6.166,,,,
562,04/22/22 02:00:00 AM,5.552,,,,
563,04/22/22 03:00:00 AM,5.244,,,,
564,04/22/22 04:00:00 AM,4.831,,,,
565,04/22/22 05:00:00 AM,4.934,,,,
566,04/22/22 06:00:00 AM,5.141,,,,
567,04/22/22 07:00:00 AM,5.552,,,,
568,04/22/22 08:00:00 AM,6.268,,,,
569,04/22/22 09:00:00 AM,7.179,,,,
570,04/22/22 10:00:00 AM,8.581,,,,
571,04/22/22 11:00:00 AM,9.571,,,,
572,04/22/22 12:00:00 PM,10.748,,,,
573,04/22/22 01:00:00 PM,13.076,,,,
574,04/22/22 02:00:00 PM,14.996,,,,
575,04/22/22 03:00:00 PM,15.569,,,,
576,04/22/22 04:00:00 PM,15.664,,,,
577,04/22/22 05:00:00 PM,15.760,,,,
578,04/22/22 06:00:00 PM,15.282,,,,
579,04/22/22 07:00:00 PM,13.846,,,,
580,04/22/22 08:00:00 PM,12.787,,,,
581,04/22/22 09:00:00 PM,12.110,,,,
582,04/22/22 10:00:00 PM,11.528,,,,
583,04/22/22 11:00:00 PM,10.748,,,,
584,04/23/22 12:00:00 AM,9.768,,,,
585,04/23/22 01:00:00 AM,9.176,,,,
586,04/23/22 02:00:00 AM,8.581,,,,
587,04/23/22 03:00:00 AM,7.582,,,,
588,04/23/22 04:00:00 AM,6.471,,,,
589,04/23/22 05:00:00 AM,5.962,,,,
590,04/23/22 06:00:00 AM,5.244,,,,
591,04/23/22 07:00:00 AM,6.166,,,,
592,04/23/22 08:00:00 AM,6.573,,,,
593,04/23/22 09:00:00 AM,6.978,,,,
594,04/23/22 10:00:00 AM,8.382,,,,
595,04/23/22 11:00:00 AM,10.161,,,,
596,04/23/22 12:00:00 PM,11.625,,,,
597,04/23/22 01:00:00 PM,13.654,,,,
598,04/23/22 02:00:00 PM,15.091,,,,
599,04/23/22 03:00:00 PM,15.855,,,,
600,04/23/22 04:00:00 PM,15.951,,,,
601,04/23/22 05:00:00 PM,16.808,,,,
602,04/23/22 06:00:00 PM,16.618,,,,
603,04/23/22 07:00:00 PM,16.237,,,,
604,04/23/22 08:00:00 PM,14.134,,,,
605,04/23/22 09:00:00 PM,12.110,,,,
606,04/23/22 10:00:00 PM,10.944,,,,
607,04/23/22 11:00:00 PM,9.866,,,,
608,04/24/22 12:00:00 AM,8.978,,,,
609,04/24/22 01:00:00 AM,7.782,,,,
610,04/24/22 02:00:00 AM,7.179,,,,
611,04/24/22 03:00:00 AM,6.471,,,,
612,04/24/22 04:00:00 AM,5.962,,,,
613,04/24/22 05:00:00 AM,5.347,,,,
614,04/24/22 06:00:00 AM,4.831,,,,
615,04/24/22 07:00:00 AM,4.727,,,,
616,04/24/22 08:00:00 AM,6.166,,,,
617,04/24/22 09:00:00 AM,8.779,,,,
618,04/24/22 10:00:00 AM,11.916,,,,
619,04/24/22 11:00:00 AM,14.421,,,,
620,04/24/22 12:00:00 PM,16.332,,,,
621,04/24/22 01:00:00 PM,17.760,,,,
622,04/24/22 02:00:00 PM,19.377,,,,
623,04/24/22 03:00:00 PM,20.519,,,,
624,04/24/22 04:00:00 PM,21.187,,,,
625,04/24/22 05:00:00 PM,20.805,,,,
626,04/24/22 06:00:00 PM,19.377,,,,
627,04/24/22 07:00:00 PM,17.189,,,,
628,04/24/22 08:00:00 PM,15.187,,,,
629,04/24/22 09:00:00 PM,13.750,,,,
630,04/24/22 10:00:00 PM,13.076,,,,
631,04/24/22 11:00:00 PM,12.013,,,,
632,04/25/22 12:00:00 AM,11.528,,,,
633,04/25/22 01:00:00 AM,11.528,,,,
634,04/25/22 02:00:00 AM,10.553,,,,
635,04/25/22 03:00:00 AM,10.063,,,,
636,04/25/22 04:00:00 AM,9.571,,,,
637,04/25/22 05:00:00 AM,9.768,,,,
638,04/25/22 06:00:00 AM,10.259,,,,
639,04/25/22 07:00:00 AM,10.748,,,,
640,04/25/22 08:00:00 AM,9.866,,,,
641,04/25/22 09:00:00 AM,9.373,,,,
642,04/25/22 10:00:00 AM,9.866,,,,
643,04/25/22 11:00:00 AM,10.748,,,,
644,04/25/22 12:00:00 PM,12.207,,,,
645,04/25/22 01:00:00 PM,12.980,,,,
646,04/25/22 02:00:00 PM,13.461,,,,
647,04/25/22 03:00:00 PM,12.883,,,,
648,04/25/22 04:00:00 PM,12.304,,,,
649,04/25/22 05:00:00 PM,12.401,,,,
650,04/25/22 06:00:00 PM,11.819,,,,
651,04/25/22 07:00:00 PM,11.819,,,,
652,04/25/22 08:00:00 PM,11.041,,,,
653,04/25/22 09:00:00 PM,10.259,,,,
654,04/25/22 10:00:00 PM,9.768,,,,
655,04/25/22 11:00:00 PM,8.978,,,,
656,04/26/22 12:00:00 AM,8.182,,,,
657,04/26/22 01:00:00 AM,7.481,,,,
658,04/26/22 02:00:00 AM,6.370,,,,
659,04/26/22 03:00:00 AM,5.757,,,,
660,04/26/22 04:00:00 AM,5.552,,,,
661,04/26/22 05:00:00 AM,6.064,,,,
662,04/26/22 06:00:00 AM,5.347,,,,
663,04/26/22 07:00:00 AM,6.064,,,,
664,04/26/22 08:00:00 AM,6.775,,,,
665,04/26/22 09:00:00 AM,8.680,,,,
666,04/26/22 10:00:00 AM,9.275,,,,
667,04/26/22 11:00:00 AM,10.259,,,,
668,04/26/22 12:00:00 PM,7.682,,,,
669,04/26/22 01:00:00 PM,7.481,,,,
670,04/26/22 02:00:00 PM,10.455,,,,
671,04/26/22 03:00:00 PM,9.768,,,,
672,04/26/22 04:00:00 PM,11.236,,,,
673,04/26/22 05:00:00 PM,11.528,,,,
674,04/26/22 06:00:00 PM,11.722,,,,
675,04/26/22 07:00:00 PM,12.207,,,,
676,04/26/22 08:00:00 PM,10.748,,,,
677,04/26/22 09:00:00 PM,9.669,,,,
678,04/26/22 10:00:00 PM,7.782,,,,
679,04/26/22 11:00:00 PM,6.573,,,,
680,04/27/22 12:00:00 AM,6.166,,,,
681,04/27/22 01:00:00 AM,5.450,,,,
682,04/27/22 02:00:00 AM,4.519,,,,
683,04/27/22 03:00:00 AM,4.207,,,,
684,04/27/22 04:00:00 AM,4.102,,,,
685,04/27/22 05:00:00 AM,3.683,,,,
686,04/27/22 06:00:00 AM,3.893,,,,
687,04/27/22 07:00:00 AM,4.727,,,,
688,04/27/22 08:00:00 AM,5.962,,,,
689,04/27/22 09:00:00 AM,6.978,,,,
690,04/27/22 10:00:00 AM,9.176,,,,
691,04/27/22 11:00:00 AM,9.077,,,,
692,04/27/22 12:00:00 PM,9.669,,,,
693,04/27/22 01:00:00 PM,11.528,,,,
694,04/27/22 02:00:00 PM,11.916,,,,
695,04/27/22 03:00:00 PM,12.690,,,,
696,04/27/22 04:00:00 PM,13.654,,,,
697,04/27/22 05:00:00 PM,11.334,,,,
698,04/27/22 06:00:00 PM,12.787,,,,
699,04/27/22 07:00:00 PM,11.819,,,,
700,04/27/22 08:00:00 PM,11.236,,,,
701,04/27/22 09:00:00 PM,9.866,,,,
702,04/27/22 10:00:00 PM,9.571,,,,
703,04/27/22 11:00:00 PM,8.182,,,,
704,04/28/22 12:00:00 AM,7.782,,,,
705,04/28/22 01:00:00 AM,7.481,,,,
706,04/28/22 02:00:00 AM,7.079,,,,
707,04/28/22 03:00:00 AM,6.573,,,,
708,04/28/22 04:00:00 AM,5.962,,,,
709,04/28/22 05:00:00 AM,5.450,,,,
710,04/28/22 06:00:00 AM,5.244,,,,
711,04/28/22 07:00:00 AM,5.450,,,,
712,04/28/22 08:00:00 AM,6.370,,,,
713,04/28/22 09:00:00 AM,7.582,,,,
714,04/28/22 10:00:00 AM,8.581,,,,
715,04/28/22 11:00:00 AM,9.768,,,,
716,04/28/22 12:00:00 PM,10.944,,,,
717,04/28/22 01:00:00 PM,11.819,,,,
718,04/28/22 02:00:00 PM,13.750,,,,
719,04/28/22 03:00:00 PM,13.942,,,,
720,04/28/22 04:00:00 PM,13.942,,,,
721,04/28/22 05:00:00 PM,13.558,,,,
722,04/28/22 06:00:00 PM,13.654,,,,
723,04/28/22 07:00:00 PM,12.690,,,,
724,04/28/22 08:00:00 PM,11.528,,,,
725,04/28/22 09:00:00 PM,10.455,,,,
726,04/28/22 10:00:00 PM,9.669,,,,
727,04/28/22 11:00:00 PM,8.879,,,,
728,04/29/22 12:00:00 AM,8.481,,,,
729,04/29/22 01:00:00 AM,8.481,,,,
730,04/29/22 02:00:00 AM,8.481,,,,
731,04/29/22 03:00:00 AM,8.282,,,,
732,04/29/22 04:00:00 AM,7.882,,,,
733,04/29/22 05:00:00 AM,7.280,,,,
734,04/29/22 06:00:00 AM,7.280,,,,
735,04/29/22 07:00:00 AM,7.582,,,,
736,04/29/22 08:00:00 AM,8.382,,,,
737,04/29/22 09:00:00 AM,9.571,,,,
738,04/29/22 10:00:00 AM,10.846,,,,
739,04/29/22 11:00:00 AM,11.722,,,,
740,04/29/22 12:00:00 PM,12.207,,,,
741,04/29/22 01:00:00 PM,13.846,,,,
742,04/29/22 02:00:00 PM,14.421,,,,
743,04/29/22 03:00:00 PM,15.282,,,,
744,04/29/22 04:00:00 PM,15.282,,,,
745,04/29/22 05:00:00 PM,15.569,,,,
746,04/29/22 06:00:00 PM,15.951,,,,
747,04/29/22 07:00:00 PM,15.760,,,,
748,04/29/22 08:00:00 PM,15.187,,,,
749,04/29/22 09:00:00 PM,13.654,,,,
750,04/29/22 10:00:00 PM,10.651,,,,
751,04/29/22 11:00:00 PM,9.472,,,,
752,04/30/22 12:00:00 AM,9.077,,,,
753,04/30/22 01:00:00 AM,9.176,,,,
754,04/30/22 02:00:00 AM,9.176,,,,
755,04/30/22 03:00:00 AM,9.077,,,,
756,04/30/22 04:00:00 AM,9.077,,,,
757,04/30/22 05:00:00 AM,9.077,,,,
758,04/30/22 06:00:00 AM,8.978,,,,
759,04/30/22 07:00:00 AM,9.176,,,,
760,04/30/22 08:00:00 AM,9.571,,,,
761,04/30/22 09:00:00 AM,9.866,,,,
762,04/30/22 10:00:00 AM,11.041,,,,
763,04/30/22 11:00:00 AM,12.304,,,,
764,04/30/22 12:00:00 PM,13.173,,,,
765,04/30/22 01:00:00 PM,13.365,,,,
766,04/30/22 02:00:00 PM,14.996,,,,
767,04/30/22 03:00:00 PM,14.804,,,,
768,04/30/22 04:00:00 PM,16.141,,,,
769,04/30/22 05:00:00 PM,15.664,,,,
770,04/30/22 06:00:00 PM,15.282,,,,
771,04/30/22 07:00:00 PM,14.996,,,,
772,04/30/22 08:00:00 PM,14.038,,,,
773,04/30/22 09:00:00 PM,12.013,,,,
774,04/30/22 10:00:00 PM,12.304,,,,
775,04/30/22 11:00:00 PM,11.819,,,,
776,05/01/22 12:00:00 AM,10.944,,,,
777,05/01/22 01:00:00 AM,10.553,,,,
778,05/01/22 02:00:00 AM,9.768,,,,
779,05/01/22 03:00:00 AM,8.581,,,,
780,05/01/22 04:00:00 AM,8.680,,,,
781,05/01/22 05:00:00 AM,8.481,,,,
782,05/01/22 06:00:00 AM,8.978,,,,
783,05/01/22 07:00:00 AM,9.373,,,,
784,05/01/22 08:00:00 AM,9.768,,,,
785,05/01/22 09:00:00 AM,10.063,,,,
786,05/01/22 10:00:00 AM,10.846,,,,
787,05/01/22 11:00:00 AM,12.207,,,,
788,05/01/22 12:00:00 PM,14.613,,,,
789,05/01/22 01:00:00 PM,14.421,,,,
790,05/01/22 02:00:00 PM,16.046,,,,
791,05/01/22 03:00:00 PM,16.427,,,,
792,05/01/22 04:00:00 PM,16.999,,,,
793,05/01/22 05:00:00 PM,17.570,,,,
794,05/01/22 06:00:00 PM,17.189,,,,
795,05/01/22 07:00:00 PM,16.141,,,,
796,05/01/22 08:00:00 PM,15.473,,,,
797,05/01/22 09:00:00 PM,14.804,,,,
798,05/01/22 10:00:00 PM,13.461,,,,
799,05/01/22 11:00:00 PM,13.076,,,,
800,05/02/22 12:00:00 AM,12.594,,,,
801,05/02/22 01:00:00 AM,12.497,,,,
802,05/02/22 02:00:00 AM,10.748,,,,
803,05/02/22 03:00:00 AM,10.161,,,,
804,05/02/22 04:00:00 AM,9.768,,,,
805,05/02/22 05:00:00 AM,8.978,,,,
806,05/02/22 06:00:00 AM,8.978,,,,
807,05/02/22 07:00:00 AM,9.176,,,,
808,05/02/22 08:00:00 AM,9.373,,,,
809,05/02/22 09:00:00 AM,9.275,,,,
810,05/02/22 10:00:00 AM,9.768,,,,
811,05/02/22 11:00:00 AM,11.236,,,,
812,05/02/22 12:00:00 PM,11.528,,,,
813,05/02/22 01:00:00 PM,13.461,,,,
814,05/02/22 02:00:00 PM,13.846,,,,
815,05/02/22 03:00:00 PM,14.134,,,,
816,05/02/22 04:00:00 PM,13.942,,,,
817,05/02/22 05:00:00 PM,12.883,,,,
818,05/02/22 06:00:00 PM,12.594,,,,
819,05/02/22 07:00:00 PM,12.304,,,,
820,05/02/22 08:00:00 PM,11.722,,,,
821,05/02/22 09:00:00 PM,11.431,,,,
822,05/02/22 10:00:00 PM,11.139,,,,
823,05/02/22 11:00:00 PM,10.944,,,,
824,05/03/22 12:00:00 AM,10.161,,,,
825,05/03/22 01:00:00 AM,9.472,,,,
826,05/03/22 02:00:00 AM,9.373,,,,
827,05/03/22 03:00:00 AM,9.275,,,,
828,05/03/22 04:00:00 AM,8.978,,,,
829,05/03/22 05:00:00 AM,9.176,,,,
830,05/03/22 06:00:00 AM,9.077,,,,
831,05/03/22 07:00:00 AM,9.373,,,,
832,05/03/22 08:00:00 AM,9.571,,,,
833,05/03/22 09:00:00 AM,10.063,,,,
834,05/03/22 10:00:00 AM,10.651,,,,
835,05/03/22 11:00:00 AM,10.846,,,,
836,05/03/22 12:00:00 PM,11.139,,,,
837,05/03/22 01:00:00 PM,11.334,,,,
838,05/03/22 02:00:00 PM,11.819,,,,
839,05/03/22 03:00:00 PM,12.013,,,,
840,05/03/22 04:00:00 PM,12.497,,,,
841,05/03/22 05:00:00 PM,12.401,,,,
842,05/03/22 06:00:00 PM,12.304,,,,
843,05/03/22 07:00:00 PM,11.819,,,,
844,05/03/22 08:00:00 PM,11.625,,,,
845,05/03/22 09:00:00 PM,10.553,,,,
846,05/03/22 10:00:00 PM,10.846,,,,
847,05/03/22 11:00:00 PM,10.455,,,,
848,05/04/22 12:00:00 AM,9.472,,,,
849,05/04/22 01:00:00 AM,8.779,,,,
850,05/04/22 02:00:00 AM,8.082,,,,
851,05/04/22 03:00:00 AM,7.882,,,,
852,05/04/22 04:00:00 AM,7.682,,,,
853,05/04/22 05:00:00 AM,7.682,,,,
854,05/04/22 06:00:00 AM,7.682,,,,
855,05/04/22 07:00:00 AM,8.282,,,,
856,05/04/22 08:00:00 AM,9.472,,,,
857,05/04/22 09:00:00 AM,10.455,,,,
858,05/04/22 10:00:00 AM,11.722,,,,
859,05/04/22 11:00:00 AM,12.787,,,,
860,05/04/22 12:00:00 PM,14.134,,,,
861,05/04/22 01:00:00 PM,15.855,,,,
862,05/04/22 02:00:00 PM,18.045,,,,
863,05/04/22 03:00:00 PM,18.901,,,,
864,05/04/22 04:00:00 PM,20.138,,,,
865,05/04/22 05:00:00 PM,19.758,,,,
866,05/04/22 06:00:00 PM,19.187,,,,
867,05/04/22 07:00:00 PM,17.570,,,,
868,05/04/22 08:00:00 PM,16.618,,,,
869,05/04/22 09:00:00 PM,16.046,,,,
870,05/04/22 10:00:00 PM,14.709,,,,
871,05/04/22 11:00:00 PM,13.750,,,,
872,05/05/22 12:00:00 AM,12.787,,,,
873,05/05/22 01:00:00 AM,11.722,,,,
874,05/05/22 02:00:00 AM,10.748,,,,
875,05/05/22 03:00:00 AM,9.669,,,,
876,05/05/22 04:00:00 AM,8.978,,,,
877,05/05/22 05:00:00 AM,9.176,,,,
878,05/05/22 06:00:00 AM,8.779,,,,
879,05/05/22 07:00:00 AM,8.581,,,,
880,05/05/22 08:00:00 AM,7.682,,,,
881,05/05/22 09:00:00 AM,7.481,,,,
882,05/05/22 10:00:00 AM,7.481,,,,
883,05/05/22 11:00:00 AM,7.983,,,,
884,05/05/22 12:00:00 PM,8.779,,,,
885,05/05/22 01:00:00 PM,9.571,,,,
886,05/05/22 02:00:00 PM,11.041,,,,
887,05/05/22 03:00:00 PM,10.748,,,,
888,05/05/22 04:00:00 PM,10.161,,,,
889,05/05/22 05:00:00 PM,10.651,,,,
890,05/05/22 06:00:00 PM,11.139,,,,
891,05/05/22 07:00:00 PM,11.431,,,,
892,05/05/22 08:00:00 PM,11.625,,,,
893,05/05/22 09:00:00 PM,10.161,,,,
894,05/05/22 10:00:00 PM,9.373,,,,
895,05/05/22 11:00:00 PM,8.779,,,,
896,05/06/22 12:00:00 AM,8.481,,,,
897,05/06/22 01:00:00 AM,7.983,,,,
898,05/06/22 02:00:00 AM,7.582,,,,
899,05/06/22 03:00:00 AM,6.978,,,,
900,05/06/22 04:00:00 AM,7.179,,,,
901,05/06/22 05:00:00 AM,6.978,,,,
902,05/06/22 06:00:00 AM,7.481,,,,
903,05/06/22 07:00:00 AM,8.082,,,,
904,05/06/22 08:00:00 AM,8.680,,,,
905,05/06/22 09:00:00 AM,8.082,,,,
906,05/06/22 10:00:00 AM,8.382,,,,
907,05/06/22 11:00:00 AM,8.382,,,,
908,05/06/22 12:00:00 PM,8.879,,,,
909,05/06/22 01:00:00 PM,9.373,,,,
910,05/06/22 02:00:00 PM,10.161,,,,
911,05/06/22 03:00:00 PM,10.944,,,,
912,05/06/22 04:00:00 PM,11.625,,,,
913,05/06/22 05:00:00 PM,11.916,,,,
914,05/06/22 06:00:00 PM,11.528,,,,
915,05/06/22 07:00:00 PM,10.357,,,,
916,05/06/22 08:00:00 PM,9.866,,,,
917,05/06/22 09:00:00 PM,9.866,,,,
918,05/06/22 10:00:00 PM,10.357,,,,
919,05/06/22 11:00:00 PM,9.768,,,,
920,05/07/22 12:00:00 AM,9.373,,,,
921,05/07/22 01:00:00 AM,9.077,,,,
922,05/07/22 02:00:00 AM,8.680,,,,
923,05/07/22 03:00:00 AM,9.176,,,,
924,05/07/22 04:00:00 AM,8.779,,,,
925,05/07/22 05:00:00 AM,8.382,,,,
926,05/07/22 06:00:00 AM,8.082,,,,
927,05/07/22 07:00:00 AM,8.282,,,,
928,05/07/22 08:00:00 AM,8.680,,,,
929,05/07/22 09:00:00 AM,8.879,,,,
930,05/07/22 10:00:00 AM,9.866,,,,
931,05/07/22 11:00:00 AM,10.748,,,,
932,05/07/22 12:00:00 PM,11.236,,,,
933,05/07/22 01:00:00 PM,12.401,,,,
934,05/07/22 02:00:00 PM,11.722,,,,
935,05/07/22 03:00:00 PM,12.787,,,,
936,05/07/22 04:00:00 PM,11.916,,,,
937,05/07/22 05:00:00 PM,9.768,,,,
938,05/07/22 06:00:00 PM,10.944,,,,
939,05/07/22 07:00:00 PM,10.161,,,,
940,05/07/22 08:00:00 PM,9.275,,,,
941,05/07/22 09:00:00 PM,8.382,,,,
942,05/07/22 10:00:00 PM,7.381,,,,
943,05/07/22 11:00:00 PM,6.775,,,,
944,05/08/22 12:00:00 AM,6.370,,,,
945,05/08/22 01:00:00 AM,5.962,,,,
946,05/08/22 02:00:00 AM,5.860,,,,
947,05/08/22 03:00:00 AM,5.757,,,,
948,05/08/22 04:00:00 AM,5.552,,,,
949,05/08/22 05:00:00 AM,5.037,,,,
950,05/08/22 06:00:00 AM,4.519,,,,
951,05/08/22 07:00:00 AM,4.623,,,,
952,05/08/22 08:00:00 AM,6.268,,,,
953,05/08/22 09:00:00 AM,7.381,,,,
954,05/08/22 10:00:00 AM,8.182,,,,
955,05/08/22 11:00:00 AM,8.481,,,,
956,05/08/22 12:00:00 PM,9.965,,,,
957,05/08/22 01:00:00 PM,11.334,,,,
958,05/08/22 02:00:00 PM,12.304,,,,
959,05/08/22 03:00:00 PM,13.365,,,,
960,05/08/22 04:00:00 PM,12.304,,,,
961,05/08/22 05:00:00 PM,12.594,,,,
962,05/08/22 06:00:00 PM,12.013,,,,
963,05/08/22 07:00:00 PM,10.455,,,,
964,05/08/22 08:00:00 PM,10.553,,,,
965,05/08/22 09:00:00 PM,8.779,,,,
966,05/08/22 10:00:00 PM,8.680,,,,
967,05/08/22 11:00:00 PM,7.381,,,,
968,05/09/22 12:00:00 AM,6.674,,,,
969,05/09/22 01:00:00 AM,6.471,,,,
970,05/09/22 02:00:00 AM,6.370,,,,
971,05/09/22 03:00:00 AM,5.450,,,,
972,05/09/22 04:00:00 AM,4.831,,,,
973,05/09/22 05:00:00 AM,4.934,,,,
974,05/09/22 06:00:00 AM,4.519,,,,
975,05/09/22 07:00:00 AM,4.519,,,,
976,05/09/22 08:00:00 AM,6.877,,,,
977,05/09/22 09:00:00 AM,8.481,,,,
978,05/09/22 10:00:00 AM,9.571,,,,
979,05/09/22 11:00:00 AM,10.161,,,,
980,05/09/22 12:00:00 PM,11.431,,,,
981,05/09/22 01:00:00 PM,12.304,,,,
982,05/09/22 02:00:00 PM,12.401,,,,
983,05/09/22 03:00:00 PM,13.269,,,,
984,05/09/22 04:00:00 PM,13.654,,,,
985,05/09/22 05:00:00 PM,13.365,,,,
986,05/09/22 06:00:00 PM,12.980,,,,
987,05/09/22 07:00:00 PM,12.594,,,,
988,05/09/22 08:00:00 PM,11.722,,,,
989,05/09/22 09:00:00 PM,9.866,,,,
990,05/09/22 10:00:00 PM,8.581,,,,
991,05/09/22 11:00:00 PM,8.581,,,,
992,05/10/22 12:00:00 AM,8.082,,,,
993,05/10/22 01:00:00 AM,6.166,,,,
994,05/10/22 02:00:00 AM,5.757,,,,
995,05/10/22 03:00:00 AM,5.244,,,,
996,05/10/22 04:00:00 AM,4.934,,,,
997,05/10/22 05:00:00 AM,4.727,,,,
998,05/10/22 06:00:00 AM,4.623,,,,
999,05/10/22 07:00:00 AM,5.244,,,,
1000,05/10/22 08:00:00 AM,7.682,,,,
1001,05/10/22 09:00:00 AM,8.978,,,,
1002,05/10/22 10:00:00 AM,10.455,,,,
1003,05/10/22 11:00:00 AM,11.236,,,,
1004,05/10/22 12:00:00 PM,12.304,,,,
1005,05/10/22 01:00:00 PM,13.654,,,,
1006,05/10/22 02:00:00 PM,14.996,,,,
1007,05/10/22 03:00:00 PM,15.569,,,,
1008,05/10/22 04:00:00 PM,15.855,,,,
1009,05/10/22 05:00:00 PM,15.760,,,,
1010,05/10/22 06:00:00 PM,15.473,,,,
1011,05/10/22 07:00:00 PM,15.187,,,,
1012,05/10/22 08:00:00 PM,13.654,,,,
1013,05/10/22 09:00:00 PM,12.110,,,,
1014,05/10/22 10:00:00 PM,10.944,,,,
1015,05/10/22 11:00:00 PM,10.161,,,,
1016,05/11/22 12:00:00 AM,9.275,,,,
1017,05/11/22 01:00:00 AM,7.983,,,,
1018,05/11/22 02:00:00 AM,6.877,,,,
1019,05/11/22 03:00:00 AM,5.757,,,,
1020,05/11/22 04:00:00 AM,5.141,,,,
1021,05/11/22 05:00:00 AM,4.934,,,,
1022,05/11/22 06:00:00 AM,5.037,,,,
1023,05/11/22 07:00:00 AM,5.962,,,,
1024,05/11/22 08:00:00 AM,7.582,,,,
1025,05/11/22 09:00:00 AM,9.275,,,,
1026,05/11/22 10:00:00 AM,11.236,,,,
1027,05/11/22 11:00:00 AM,12.013,,,,
1028,05/11/22 12:00:00 PM,13.558,,,,
1029,05/11/22 01:00:00 PM,14.709,,,,
1030,05/11/22 02:00:00 PM,15.378,,,,
1031,05/11/22 03:00:00 PM,15.951,,,,
1032,05/11/22 04:00:00 PM,15.951,,,,
1033,05/11/22 05:00:00 PM,13.654,,,,
1034,05/11/22 06:00:00 PM,12.594,,,,
1035,05/11/22 07:00:00 PM,11.819,,,,
1036,05/11/22 08:00:00 PM,11.236,,,,
1037,05/11/22 09:00:00 PM,10.553,,,,
1038,05/11/22 10:00:00 PM,9.965,,,,
1039,05/11/22 11:00:00 PM,9.669,,,,
1040,05/12/22 12:00:00 AM,9.077,,,,
1041,05/12/22 01:00:00 AM,9.275,,,,
1042,05/12/22 02:00:00 AM,8.978,,,,
1043,05/12/22 03:00:00 AM,8.680,,,,
1044,05/12/22 04:00:00 AM,8.779,,,,
1045,05/12/22 05:00:00 AM,8.680,,,,
1046,05/12/22 06:00:00 AM,7.983,,,,
1047,05/12/22 07:00:00 AM,9.077,,,,
1048,05/12/22 08:00:00 AM,10.063,,,,
1049,05/12/22 09:00:00 AM,11.431,,,,
1050,05/12/22 10:00:00 AM,11.528,,,,
1051,05/12/22 11:00:00 AM,11.819,,,,
1052,05/12/22 12:00:00 PM,11.139,,,,
1053,05/12/22 01:00:00 PM,9.373,,,,
1054,05/12/22 02:00:00 PM,9.669,,,,
1055,05/12/22 03:00:00 PM,10.748,,,,
1056,05/12/22 04:00:00 PM,10.944,,,,
1057,05/12/22 05:00:00 PM,9.176,,,,
1058,05/12/22 06:00:00 PM,10.846,,,,
1059,05/12/22 07:00:00 PM,9.669,,,,
1060,05/12/22 08:00:00 PM,9.275,,,,
1061,05/12/22 09:00:00 PM,7.983,,,,
1062,05/12/22 10:00:00 PM,7.381,,,,
1063,05/12/22 11:00:00 PM,6.674,,,,
1064,05/13/22 12:00:00 AM,6.166,,,,
1065,05/13/22 01:00:00 AM,5.450,,,,
1066,05/13/22 02:00:00 AM,5.141,,,,
1067,05/13/22 03:00:00 AM,4.934,,,,
1068,05/13/22 04:00:00 AM,4.727,,,,
1069,05/13/22 05:00:00 AM,5.244,,,,
1070,05/13/22 06:00:00 AM,5.141,,,,
1071,05/13/22 07:00:00 AM,5.655,,,,
1072,05/13/22 08:00:00 AM,6.877,,,,
1073,05/13/22 09:00:00 AM,9.077,,,,
1074,05/13/22 10:00:00 AM,9.768,,,,
1075,05/13/22 11:00:00 AM,10.259,,,,
1076,05/13/22 12:00:00 PM,11.625,,,,
1077,05/13/22 01:00:00 PM,13.365,,,,
1078,05/13/22 02:00:00 PM,13.558,,,,
1079,05/13/22 03:00:00 PM,13.942,,,,
1080,05/13/22 04:00:00 PM,14.613,,,,
1081,05/13/22 05:00:00 PM,13.942,,,,
1082,05/13/22 06:00:00 PM,13.076,,,,
1083,05/13/22 07:00:00 PM,12.787,,,,
1084,05/13/22 08:00:00 PM,12.594,,,,
1085,05/13/22 09:00:00 PM,9.965,,,,
1086,05/13/22 10:00:00 PM,9.176,,,,
1087,05/13/22 11:00:00 PM,8.879,,,,
1088,05/14/22 12:00:00 AM,8.481,,,,
1089,05/14/22 01:00:00 AM,8.282,,,,
1090,05/14/22 02:00:00 AM,8.680,,,,
1091,05/14/22 03:00:00 AM,8.879,,,,
1092,05/14/22 04:00:00 AM,8.481,,,,
1093,05/14/22 05:00:00 AM,8.282,,,,
1094,05/14/22 06:00:00 AM,8.282,,,,
1095,05/14/22 07:00:00 AM,8.481,,,,
1096,05/14/22 08:00:00 AM,8.879,,,,
1097,05/14/22 09:00:00 AM,9.965,,,,
1098,05/14/22 10:00:00 AM,11.819,,,,
1099,05/14/22 11:00:00 AM,15.091,,,,
1100,05/14/22 12:00:00 PM,16.618,,,,
1101,05/14/22 01:00:00 PM,18.996,,,,
1102,05/14/22 02:00:00 PM,17.760,,,,
1103,05/14/22 03:00:00 PM,18.806,,,,
1104,05/14/22 04:00:00 PM,19.092,,,,
1105,05/14/22 05:00:00 PM,19.472,,,,
1106,05/14/22 06:00:00 PM,18.901,,,,
1107,05/14/22 07:00:00 PM,18.616,,,,
1108,05/14/22 08:00:00 PM,16.427,,,,
1109,05/14/22 09:00:00 PM,13.942,,,,
1110,05/14/22 10:00:00 PM,12.980,,,,
1111,05/14/22 11:00:00 PM,12.594,,,,
1112,05/15/22 12:00:00 AM,12.401,,,,
1113,05/15/22 01:00:00 AM,12.013,,,,
1114,05/15/22 02:00:00 AM,11.722,,,,
1115,05/15/22 03:00:00 AM,11.431,,,,
1116,05/15/22 04:00:00 AM,11.139,,,,
1117,05/15/22 05:00:00 AM,11.139,,,,
1118,05/15/22 06:00:00 AM,11.041,,,,
1119,05/15/22 07:00:00 AM,11.041,,,,
1120,05/15/22 08:00:00 AM,11.528,,,,
1121,05/15/22 09:00:00 AM,11.819,,,,
1122,05/15/22 10:00:00 AM,12.207,,,,
1123,05/15/22 11:00:00 AM,12.594,,,,
1124,05/15/22 12:00:00 PM,12.883,,,,
1125,05/15/22 01:00:00 PM,12.594,,,,
1126,05/15/22 02:00:00 PM,13.173,,,,
1127,05/15/22 03:00:00 PM,14.134,,,,
1128,05/15/22 04:00:00 PM,15.091,,,,
1129,05/15/22 05:00:00 PM,14.517,,,,
1130,05/15/22 06:00:00 PM,15.664,,,,
1131,05/15/22 07:00:00 PM,16.237,,,,
1132,05/15/22 08:00:00 PM,15.855,,,,
1133,05/15/22 09:00:00 PM,13.654,,,,
1134,05/15/22 10:00:00 PM,13.558,,,,
1135,05/15/22 11:00:00 PM,13.269,,,,
1136,05/16/22 12:00:00 AM,13.269,,,,
1137,05/16/22 01:00:00 AM,13.173,,,,
1138,05/16/22 02:00:00 AM,12.980,,,,
1139,05/16/22 03:00:00 AM,12.980,,,,
1140,05/16/22 04:00:00 AM,12.497,,,,
1141,05/16/22 05:00:00 AM,12.304,,,,
1142,05/16/22 06:00:00 AM,12.207,,,,
1143,05/16/22 07:00:00 AM,11.431,,,,
1144,05/16/22 08:00:00 AM,10.846,,,,
1145,05/16/22 09:00:00 AM,10.846,,,,
1146,05/16/22 10:00:00 AM,12.207,,,,
1147,05/16/22 11:00:00 AM,12.883,,,,
1148,05/16/22 12:00:00 PM,12.883,,,,
1149,05/16/22 01:00:00 PM,14.613,,,,
1150,05/16/22 02:00:00 PM,13.558,,,,
1151,05/16/22 03:00:00 PM,14.038,,,,
1152,05/16/22 04:00:00 PM,14.517,,,,
1153,05/16/22 05:00:00 PM,14.517,,,,
1154,05/16/22 06:00:00 PM,15.187,,,,
1155,05/16/22 07:00:00 PM,14.230,,,,
1156,05/16/22 08:00:00 PM,13.173,,,,
1157,05/16/22 09:00:00 PM,12.013,,,,
1158,05/16/22 10:00:00 PM,11.041,,,,
1159,05/16/22 11:00:00 PM,10.063,,,,
1160,05/17/22 12:00:00 AM,9.571,,,,
1161,05/17/22 01:00:00 AM,7.882,,,,
1162,05/17/22 02:00:00 AM,6.877,,,,
1163,05/17/22 03:00:00 AM,7.481,,,,
1164,05/17/22 04:00:00 AM,7.179,,,,
1165,05/17/22 05:00:00 AM,5.962,,,,
1166,05/17/22 06:00:00 AM,6.471,,,,
1167,05/17/22 07:00:00 AM,7.179,,,,
1168,05/17/22 08:00:00 AM,8.182,,,,
1169,05/17/22 09:00:00 AM,10.161,,,,
1170,05/17/22 10:00:00 AM,11.041,,,,
1171,05/17/22 11:00:00 AM,12.304,,,,
1172,05/17/22 12:00:00 PM,13.076,,,,
1173,05/17/22 01:00:00 PM,14.804,,,,
1174,05/17/22 02:00:00 PM,15.378,,,,
1175,05/17/22 03:00:00 PM,16.141,,,,
1176,05/17/22 04:00:00 PM,16.046,,,,
1177,05/17/22 05:00:00 PM,16.141,,,,
1178,05/17/22 06:00:00 PM,16.427,,,,
1179,05/17/22 07:00:00 PM,16.141,,,,
1180,05/17/22 08:00:00 PM,15.091,,,,
1181,05/17/22 09:00:00 PM,13.942,,,,
1182,05/17/22 10:00:00 PM,13.269,,,,
1183,05/17/22 11:00:00 PM,12.207,,,,
1184,05/18/22 12:00:00 AM,11.528,,,,
1185,05/18/22 01:00:00 AM,10.846,,,,
1186,05/18/22 02:00:00 AM,10.455,,,,
1187,05/18/22 03:00:00 AM,9.275,,,,
1188,05/18/22 04:00:00 AM,8.680,,,,
1189,05/18/22 05:00:00 AM,8.581,,,,
1190,05/18/22 06:00:00 AM,8.581,,,,
1191,05/18/22 07:00:00 AM,9.472,,,,
1192,05/18/22 08:00:00 AM,10.357,,,,
1193,05/18/22 09:00:00 AM,11.528,,,,
1194,05/18/22 10:00:00 AM,11.139,,,,
1195,05/18/22 11:00:00 AM,10.259,,,,
1196,05/18/22 12:00:00 PM,12.401,,,,
1197,05/18/22 01:00:00 PM,11.916,,,,
1198,05/18/22 02:00:00 PM,13.846,,,,
1199,05/18/22 03:00:00 PM,12.883,,,,
1200,05/18/22 04:00:00 PM,13.076,,,,
1201,05/18/22 05:00:00 PM,12.690,,,,
1202,05/18/22 06:00:00 PM,12.690,,,,
1203,05/18/22 07:00:00 PM,12.110,,,,
1204,05/18/22 08:00:00 PM,11.139,,,,
1205,05/18/22 09:00:00 PM,9.866,,,,
1206,05/18/22 10:00:00 PM,9.472,,,,
1207,05/18/22 11:00:00 PM,9.077,,,,
1208,05/19/22 12:00:00 AM,8.481,,,,
1209,05/19/22 01:00:00 AM,8.282,,,,
1210,05/19/22 02:00:00 AM,7.983,,,,
1211,05/19/22 03:00:00 AM,7.782,,,,
1212,05/19/22 04:00:00 AM,7.481,,,,
1213,05/19/22 05:00:00 AM,7.381,,,,
1214,05/19/22 06:00:00 AM,7.381,,,,
1215,05/19/22 07:00:00 AM,7.381,,,,
1216,05/19/22 08:00:00 AM,8.481,,,,
1217,05/19/22 09:00:00 AM,8.581,,,,
1218,05/19/22 10:00:00 AM,9.077,,,,
1219,05/19/22 11:00:00 AM,10.259,,,,
1220,05/19/22 12:00:00 PM,11.625,,,,
1221,05/19/22 01:00:00 PM,12.980,,,,
1222,05/19/22 02:00:00 PM,12.787,,,,
1223,05/19/22 03:00:00 PM,13.654,,,,
1224,05/19/22 04:00:00 PM,15.282,,,,
1225,05/19/22 05:00:00 PM,14.804,,,,
1226,05/19/22 06:00:00 PM,15.378,,,,
1227,05/19/22 07:00:00 PM,13.461,,,,
1228,05/19/22 08:00:00 PM,12.401,,,,
1229,05/19/22 09:00:00 PM,12.110,,,,
1230,05/19/22 10:00:00 PM,11.139,,,,
1231,05/19/22 11:00:00 PM,9.373,,,,
1232,05/20/22 12:00:00 AM,9.571,,,,
1233,05/20/22 01:00:00 AM,8.581,,,,
1234,05/20/22 02:00:00 AM,7.582,,,,
1235,05/20/22 03:00:00 AM,6.978,,,,
1236,05/20/22 04:00:00 AM,6.471,,,,
1237,05/20/22 05:00:00 AM,6.573,,,,
1238,05/20/22 06:00:00 AM,6.268,,,,
1239,05/20/22 07:00:00 AM,7.179,,,,
1240,05/20/22 08:00:00 AM,8.082,,,,
1241,05/20/22 09:00:00 AM,8.779,,,,
1242,05/20/22 10:00:00 AM,9.965,,,,
1243,05/20/22 11:00:00 AM,11.139,,,,
1244,05/20/22 12:00:00 PM,12.980,,,,
1245,05/20/22 01:00:00 PM,13.558,,,,
1246,05/20/22 02:00:00 PM,15.282,,,,
1247,05/20/22 03:00:00 PM,15.569,,,,
1248,05/20/22 04:00:00 PM,15.473,,,,
1249,05/20/22 05:00:00 PM,15.760,,,,
1250,05/20/22 06:00:00 PM,16.618,,,,
1251,05/20/22 07:00:00 PM,16.141,,,,
1252,05/20/22 08:00:00 PM,15.569,,,,
1253,05/20/22 09:00:00 PM,14.230,,,,
1254,05/20/22 10:00:00 PM,13.365,,,,
1255,05/20/22 11:00:00 PM,12.594,,,,
1256,05/21/22 12:00:00 AM,10.553,,,,
1257,05/21/22 01:00:00 AM,9.571,,,,
1258,05/21/22 02:00:00 AM,8.680,,,,
1259,05/21/22 03:00:00 AM,8.082,,,,
1260,05/21/22 04:00:00 AM,7.481,,,,
1261,05/21/22 05:00:00 AM,6.674,,,,
1262,05/21/22 06:00:00 AM,6.166,,,,
1263,05/21/22 07:00:00 AM,7.381,,,,
1264,05/21/22 08:00:00 AM,8.879,,,,
1265,05/21/22 09:00:00 AM,10.651,,,,
1266,05/21/22 10:00:00 AM,12.690,,,,
1267,05/21/22 11:00:00 AM,13.942,,,,
1268,05/21/22 12:00:00 PM,15.187,,,,
1269,05/21/22 01:00:00 PM,16.427,,,,
1270,05/21/22 02:00:00 PM,17.665,,,,
1271,05/21/22 03:00:00 PM,18.616,,,,
1272,05/21/22 04:00:00 PM,19.377,,,,
1273,05/21/22 05:00:00 PM,19.662,,,,
1274,05/21/22 06:00:00 PM,19.567,,,,
1275,05/21/22 07:00:00 PM,19.092,,,,
1276,05/21/22 08:00:00 PM,18.236,,,,
1277,05/21/22 09:00:00 PM,16.237,,,,
1278,05/21/22 10:00:00 PM,15.187,,,,
1279,05/21/22 11:00:00 PM,14.421,,,,
1280,05/22/22 12:00:00 AM,12.497,,,,
1281,05/22/22 01:00:00 AM,11.431,,,,
1282,05/22/22 02:00:00 AM,10.748,,,,
1283,05/22/22 03:00:00 AM,10.063,,,,
1284,05/22/22 04:00:00 AM,8.779,,,,
1285,05/22/22 05:00:00 AM,7.882,,,,
1286,05/22/22 06:00:00 AM,7.381,,,,
1287,05/22/22 07:00:00 AM,8.082,,,,
1288,05/22/22 08:00:00 AM,10.063,,,,
1289,05/22/22 09:00:00 AM,11.041,,,,
1290,05/22/22 10:00:00 AM,13.173,,,,
1291,05/22/22 11:00:00 AM,14.996,,,,
1292,05/22/22 12:00:00 PM,17.379,,,,
1293,05/22/22 01:00:00 PM,19.377,,,,
1294,05/22/22 02:00:00 PM,20.329,,,,
1295,05/22/22 03:00:00 PM,21.855,,,,
1296,05/22/22 04:00:00 PM,21.951,,,,
1297,05/22/22 05:00:00 PM,22.238,,,,
1298,05/22/22 06:00:00 PM,21.282,,,,
1299,05/22/22 07:00:00 PM,21.473,,,,
1300,05/22/22 08:00:00 PM,19.472,,,,
1301,05/22/22 09:00:00 PM,17.665,,,,
1302,05/22/22 10:00:00 PM,16.046,,,,
1303,05/22/22 11:00:00 PM,14.996,,,,
1304,05/23/22 12:00:00 AM,14.613,,,,
1305,05/23/22 01:00:00 AM,13.942,,,,
1306,05/23/22 02:00:00 AM,12.883,,,,
1307,05/23/22 03:00:00 AM,11.625,,,,
1308,05/23/22 04:00:00 AM,11.819,,,,
1309,05/23/22 05:00:00 AM,11.139,,,,
1310,05/23/22 06:00:00 AM,10.944,,,,
1311,05/23/22 07:00:00 AM,11.236,,,,
1312,05/23/22 08:00:00 AM,11.431,,,,
1313,05/23/22 09:00:00 AM,12.594,,,,
1314,05/23/22 10:00:00 AM,13.173,,,,
1315,05/23/22 11:00:00 AM,14.709,,,,
1316,05/23/22 12:00:00 PM,16.427,,,,
1317,05/23/22 01:00:00 PM,17.760,,,,
1318,05/23/22 02:00:00 PM,17.950,,,,
1319,05/23/22 03:00:00 PM,18.806,,,,
1320,05/23/22 04:00:00 PM,18.616,,,,
1321,05/23/22 05:00:00 PM,18.426,,,,
1322,05/23/22 06:00:00 PM,18.331,,,,
1323,05/23/22 07:00:00 PM,17.665,,,,
1324,05/23/22 08:00:00 PM,16.141,,,,
1325,05/23/22 09:00:00 PM,14.900,,,,
1326,05/23/22 10:00:00 PM,13.365,,,,
1327,05/23/22 11:00:00 PM,12.690,,,,
1328,05/24/22 12:00:00 AM,12.401,,,,
1329,05/24/22 01:00:00 AM,12.013,,,,
1330,05/24/22 02:00:00 AM,11.722,,,,
1331,05/24/22 03:00:00 AM,11.528,,,,
1332,05/24/22 04:00:00 AM,11.041,,,,
1333,05/24/22 05:00:00 AM,10.944,,,,
1334,05/24/22 06:00:00 AM,11.236,,,,
1335,05/24/22 07:00:00 AM,11.236,,,,
1336,05/24/22 08:00:00 AM,11.916,,,,
1337,05/24/22 09:00:00 AM,12.304,,,,
1338,05/24/22 10:00:00 AM,12.401,,,,
1339,05/24/22 11:00:00 AM,12.980,,,,
1340,05/24/22 12:00:00 PM,13.846,,,,
1341,05/24/22 01:00:00 PM,14.996,,,,
1342,05/24/22 02:00:00 PM,16.237,,,,
1343,05/24/22 03:00:00 PM,16.141,,,,
1344,05/24/22 04:00:00 PM,14.804,,,,
1345,05/24/22 05:00:00 PM,14.134,,,,
1346,05/24/22 06:00:00 PM,14.230,,,,
1347,05/24/22 07:00:00 PM,13.942,,,,
1348,05/24/22 08:00:00 PM,14.325,,,,
1349,05/24/22 09:00:00 PM,13.846,,,,
1350,05/24/22 10:00:00 PM,12.594,,,,
1351,05/24/22 11:00:00 PM,12.207,,,,
1352,05/25/22 12:00:00 AM,12.110,,,,
1353,05/25/22 01:00:00 AM,11.625,,,,
1354,05/25/22 02:00:00 AM,11.625,,,,
1355,05/25/22 03:00:00 AM,11.625,,,,
1356,05/25/22 04:00:00 AM,11.334,,,,
1357,05/25/22 05:00:00 AM,11.722,,,,
1358,05/25/22 06:00:00 AM,12.207,,,,
1359,05/25/22 07:00:00 AM,12.883,,,,
1360,05/25/22 08:00:00 AM,13.269,,,,
1361,05/25/22 09:00:00 AM,14.709,,,,
1362,05/25/22 10:00:00 AM,15.951,,,,
1363,05/25/22 11:00:00 AM,16.141,,,,
1364,05/25/22 12:00:00 PM,17.284,,,,
1365,05/25/22 01:00:00 PM,18.806,,,,
1366,05/25/22 02:00:00 PM,19.567,,,,
1367,05/25/22 03:00:00 PM,20.043,,,,
1368,05/25/22 04:00:00 PM,20.615,,,,
1369,05/25/22 05:00:00 PM,20.805,,,,
1370,05/25/22 06:00:00 PM,20.329,,,,
1371,05/25/22 07:00:00 PM,19.092,,,,
1372,05/25/22 08:00:00 PM,18.331,,,,
1373,05/25/22 09:00:00 PM,16.999,,,,
1374,05/25/22 10:00:00 PM,16.141,,,,
1375,05/25/22 11:00:00 PM,14.804,,,,
1376,05/26/22 12:00:00 AM,14.134,,,,
1377,05/26/22 01:00:00 AM,13.365,,,,
1378,05/26/22 02:00:00 AM,12.690,,,,
1379,05/26/22 03:00:00 AM,11.722,,,,
1380,05/26/22 04:00:00 AM,11.431,,,,
1381,05/26/22 05:00:00 AM,11.139,,,,
1382,05/26/22 06:00:00 AM,10.944,,,,
1383,05/26/22 07:00:00 AM,12.401,,,,
1384,05/26/22 08:00:00 AM,12.980,,,,
1385,05/26/22 09:00:00 AM,13.461,,,,
1386,05/26/22 10:00:00 AM,14.996,,,,
1387,05/26/22 11:00:00 AM,16.046,,,,
1388,05/26/22 12:00:00 PM,17.950,,,,
1389,05/26/22 01:00:00 PM,18.806,,,,
1390,05/26/22 02:00:00 PM,19.853,,,,
1391,05/26/22 03:00:00 PM,20.138,,,,
1392,05/26/22 04:00:00 PM,19.187,,,,
1393,05/26/22 05:00:00 PM,19.758,,,,
1394,05/26/22 06:00:00 PM,19.472,,,,
1395,05/26/22 07:00:00 PM,15.951,,,,
1396,05/26/22 08:00:00 PM,16.237,,,,
1397,05/26/22 09:00:00 PM,16.523,,,,
1398,05/26/22 10:00:00 PM,16.046,,,,
1399,05/26/22 11:00:00 PM,16.141,,,,
1400,05/27/22 12:00:00 AM,15.187,,,,
1401,05/27/22 01:00:00 AM,14.038,,,,
1402,05/27/22 02:00:00 AM,13.461,,,,
1403,05/27/22 03:00:00 AM,12.690,,,,
1404,05/27/22 04:00:00 AM,12.304,,,,
1405,05/27/22 05:00:00 AM,11.139,,,,
1406,05/27/22 06:00:00 AM,11.334,,,,
1407,05/27/22 07:00:00 AM,11.334,,,,
1408,05/27/22 08:00:00 AM,11.625,,,,
1409,05/27/22 09:00:00 AM,12.690,,,,
1410,05/27/22 10:00:00 AM,13.461,,,,
1411,05/27/22 11:00:00 AM,14.517,,,,
1412,05/27/22 12:00:00 PM,14.613,,,,
1413,05/27/22 01:00:00 PM,15.855,,,,
1414,05/27/22 02:00:00 PM,15.091,,,,
1415,05/27/22 03:00:00 PM,14.517,,,,
1416,05/27/22 04:00:00 PM,14.804,,,,
1417,05/27/22 05:00:00 PM,15.091,,,,
1418,05/27/22 06:00:00 PM,12.207,,,,
1419,05/27/22 07:00:00 PM,12.980,,,,
1420,05/27/22 08:00:00 PM,12.110,,,,
1421,05/27/22 09:00:00 PM,11.722,,,,
1422,05/27/22 10:00:00 PM,10.944,,,,
1423,05/27/22 11:00:00 PM,10.455,,,,
1424,05/28/22 12:00:00 AM,10.161,,,,
1425,05/28/22 01:00:00 AM,9.571,,,,
1426,05/28/22 02:00:00 AM,9.176,,,,
1427,05/28/22 03:00:00 AM,9.077,,,,
1428,05/28/22 04:00:00 AM,8.978,,,,
1429,05/28/22 05:00:00 AM,9.373,,,,
1430,05/28/22 06:00:00 AM,9.571,,,,
1431,05/28/22 07:00:00 AM,10.161,,,,
1432,05/28/22 08:00:00 AM,10.455,,,,
1433,05/28/22 09:00:00 AM,11.528,,,,
1434,05/28/22 10:00:00 AM,12.110,,,,
1435,05/28/22 11:00:00 AM,12.980,,,,
1436,05/28/22 12:00:00 PM,13.558,,,,
1437,05/28/22 01:00:00 PM,13.365,,,,
1438,05/28/22 02:00:00 PM,13.269,,,,
1439,05/28/22 03:00:00 PM,12.980,,,,
1440,05/28/22 04:00:00 PM,12.497,,,,
1441,05/28/22 05:00:00 PM,12.110,,,,
1442,05/28/22 06:00:00 PM,11.139,,,,
1443,05/28/22 07:00:00 PM,10.846,,,,
1444,05/28/22 08:00:00 PM,10.944,,,,
1445,05/28/22 09:00:00 PM,10.455,,,,
1446,05/28/22 10:00:00 PM,10.455,,,,
1447,05/28/22 11:00:00 PM,10.357,,,,
1448,05/29/22 12:00:00 AM,10.455,,,,
1449,05/29/22 01:00:00 AM,10.161,,,,
1450,05/29/22 02:00:00 AM,10.161,,,,
1451,05/29/22 03:00:00 AM,10.259,,,,
1452,05/29/22 04:00:00 AM,10.259,,,,
1453,05/29/22 05:00:00 AM,10.161,,,,
1454,05/29/22 06:00:00 AM,9.669,,,,
1455,05/29/22 07:00:00 AM,9.866,,,,
1456,05/29/22 08:00:00 AM,10.357,,,,
1457,05/29/22 09:00:00 AM,10.455,,,,
1458,05/29/22 10:00:00 AM,11.139,,,,
1459,05/29/22 11:00:00 AM,11.625,,,,
1460,05/29/22 12:00:00 PM,11.916,,,,
1461,05/29/22 01:00:00 PM,12.980,,,,
1462,05/29/22 02:00:00 PM,14.804,,,,
1463,05/29/22 03:00:00 PM,15.473,,,,
1464,05/29/22 04:00:00 PM,15.091,,,,
1465,05/29/22 05:00:00 PM,14.517,,,,
1466,05/29/22 06:00:00 PM,14.038,,,,
1467,05/29/22 07:00:00 PM,13.558,,,,
1468,05/29/22 08:00:00 PM,12.401,,,,
1469,05/29/22 09:00:00 PM,11.819,,,,
1470,05/29/22 10:00:00 PM,10.944,,,,
1471,05/29/22 11:00:00 PM,10.259,,,,
1472,05/30/22 12:00:00 AM,9.669,,,,
1473,05/30/22 01:00:00 AM,9.077,,,,
1474,05/30/22 02:00:00 AM,8.282,,,,
1475,05/30/22 03:00:00 AM,7.782,,,,
1476,05/30/22 04:00:00 AM,7.682,,,,
1477,05/30/22 05:00:00 AM,8.082,,,,
1478,05/30/22 06:00:00 AM,8.481,,,,
1479,05/30/22 07:00:00 AM,8.680,,,,
1480,05/30/22 08:00:00 AM,9.176,,,,
1481,05/30/22 09:00:00 AM,9.571,,,,
1482,05/30/22 10:00:00 AM,10.455,,,,
1483,05/30/22 11:00:00 AM,11.334,,,,
1484,05/30/22 12:00:00 PM,13.076,,,,
1485,05/30/22 01:00:00 PM,14.038,,,,
1486,05/30/22 02:00:00 PM,14.900,,,,
1487,05/30/22 03:00:00 PM,16.237,,,,
1488,05/30/22 04:00:00 PM,16.713,,,,
1489,05/30/22 05:00:00 PM,15.760,,,,
1490,05/30/22 06:00:00 PM,15.951,,,,
1491,05/30/22 07:00:00 PM,15.091,,,,
1492,05/30/22 08:00:00 PM,14.421,,,,
1493,05/30/22 09:00:00 PM,13.365,,,,
1494,05/30/22 10:00:00 PM,12.207,,,,
1495,05/30/22 11:00:00 PM,12.207,,,,
1496,05/31/22 12:00:00 AM,11.819,,,,
1497,05/31/22 01:00:00 AM,10.357,,,,
1498,05/31/22 02:00:00 AM,9.669,,,,
1499,05/31/22 03:00:00 AM,9.571,,,,
1500,05/31/22 04:00:00 AM,9.275,,,,
1501,05/31/22 05:00:00 AM,8.879,,,,
1502,05/31/22 06:00:00 AM,8.481,,,,
1503,05/31/22 07:00:00 AM,9.472,,,,
1504,05/31/22 08:00:00 AM,11.236,,,,
1505,05/31/22 09:00:00 AM,12.594,,,,
1506,05/31/22 10:00:00 AM,14.134,,,,
1507,05/31/22 11:00:00 AM,15.091,,,,
1508,05/31/22 12:00:00 PM,16.332,,,,
1509,05/31/22 01:00:00 PM,17.855,,,,
1510,05/31/22 02:00:00 PM,18.996,,,,
1511,05/31/22 03:00:00 PM,20.043,,,,
1512,05/31/22 04:00:00 PM,20.901,,,,
1513,05/31/22 05:00:00 PM,21.091,,,,
1514,05/31/22 06:00:00 PM,20.805,,,,
1515,05/31/22 07:00:00 PM,20.234,,,,
1516,05/31/22 08:00:00 PM,18.711,,,,
1517,05/31/22 09:00:00 PM,17.284,,,,
1518,05/31/22 10:00:00 PM,16.427,,,,
1519,05/31/22 11:00:00 PM,15.951,,,,
1520,06/01/22 12:00:00 AM,15.569,,,,
1521,06/01/22 01:00:00 AM,14.996,,,,
1522,06/01/22 02:00:00 AM,14.900,,,,
1523,06/01/22 03:00:00 AM,14.517,,,,
1524,06/01/22 04:00:00 AM,13.846,,,,
1525,06/01/22 05:00:00 AM,12.690,,,,
1526,06/01/22 06:00:00 AM,12.110,,,,
1527,06/01/22 07:00:00 AM,13.461,,,,
1528,06/01/22 08:00:00 AM,14.325,,,,
1529,06/01/22 09:00:00 AM,15.282,,,,
1530,06/01/22 10:00:00 AM,16.046,,,,
1531,06/01/22 11:00:00 AM,17.475,,,,
1532,06/01/22 12:00:00 PM,18.901,,,,
1533,06/01/22 01:00:00 PM,20.615,,,,
1534,06/01/22 02:00:00 PM,22.142,,,,
1535,06/01/22 03:00:00 PM,21.282,,,,
1536,06/01/22 04:00:00 PM,21.760,,,,
1537,06/01/22 05:00:00 PM,21.855,,,,
1538,06/01/22 06:00:00 PM,21.378,,,,
1539,06/01/22 07:00:00 PM,20.996,,,,
1540,06/01/22 08:00:00 PM,17.475,,,,
1541,06/01/22 09:00:00 PM,16.903,,,,
1542,06/01/22 10:00:00 PM,15.951,,,,
1543,06/01/22 11:00:00 PM,15.378,,,,
1544,06/02/22 12:00:00 AM,14.996,,,,
1545,06/02/22 01:00:00 AM,14.325,,,,
1546,06/02/22 02:00:00 AM,13.558,,,,
1547,06/02/22 03:00:00 AM,13.076,,,,
1548,06/02/22 04:00:00 AM,12.594,,,,
1549,06/02/22 05:00:00 AM,12.110,,,,
1550,06/02/22 06:00:00 AM,11.819,,,,
1551,06/02/22 07:00:00 AM,12.787,,,,
1552,06/02/22 08:00:00 AM,14.804,,,,
1553,06/02/22 09:00:00 AM,15.951,,,,
1554,06/02/22 10:00:00 AM,17.189,,,,
1555,06/02/22 11:00:00 AM,18.236,,,,
1556,06/02/22 12:00:00 PM,20.138,,,,
1557,06/02/22 01:00:00 PM,21.473,,,,
1558,06/02/22 02:00:00 PM,21.951,,,,
1559,06/02/22 03:00:00 PM,23.004,,,,
1560,06/02/22 04:00:00 PM,23.966,,,,
1561,06/02/22 05:00:00 PM,23.581,,,,
1562,06/02/22 06:00:00 PM,19.092,,,,
1563,06/02/22 07:00:00 PM,20.043,,,,
1564,06/02/22 08:00:00 PM,21.378,,,,
1565,06/02/22 09:00:00 PM,20.138,,,,
1566,06/02/22 10:00:00 PM,18.426,,,,
1567,06/02/22 11:00:00 PM,18.521,,,,
1568,06/03/22 12:00:00 AM,16.903,,,,
1569,06/03/22 01:00:00 AM,16.237,,,,
1570,06/03/22 02:00:00 AM,16.046,,,,
1571,06/03/22 03:00:00 AM,13.942,,,,
1572,06/03/22 04:00:00 AM,12.690,,,,
1573,06/03/22 05:00:00 AM,13.654,,,,
1574,06/03/22 06:00:00 AM,13.558,,,,
1575,06/03/22 07:00:00 AM,13.461,,,,
1576,06/03/22 08:00:00 AM,14.804,,,,
1577,06/03/22 09:00:00 AM,14.421,,,,
1578,06/03/22 10:00:00 AM,14.517,,,,
1579,06/03/22 11:00:00 AM,15.378,,,,
1580,06/03/22 12:00:00 PM,16.332,,,,
1581,06/03/22 01:00:00 PM,16.713,,,,
1582,06/03/22 02:00:00 PM,15.091,,,,
1583,06/03/22 03:00:00 PM,15.664,,,,
1584,06/03/22 04:00:00 PM,16.713,,,,
1585,06/03/22 05:00:00 PM,16.427,,,,
1586,06/03/22 06:00:00 PM,17.189,,,,
1587,06/03/22 07:00:00 PM,14.230,,,,
1588,06/03/22 08:00:00 PM,13.269,,,,
1589,06/03/22 09:00:00 PM,12.594,,,,
1590,06/03/22 10:00:00 PM,12.594,,,,
1591,06/03/22 11:00:00 PM,12.883,,,,
1592,06/04/22 12:00:00 AM,12.787,,,,
1593,06/04/22 01:00:00 AM,12.883,,,,
1594,06/04/22 02:00:00 AM,12.980,,,,
1595,06/04/22 03:00:00 AM,12.980,,,,
1596,06/04/22 04:00:00 AM,12.787,,,,
1597,06/04/22 05:00:00 AM,12.690,,,,
1598,06/04/22 06:00:00 AM,12.304,,,,
1599,06/04/22 07:00:00 AM,13.076,,,,
1600,06/04/22 08:00:00 AM,13.461,,,,
1601,06/04/22 09:00:00 AM,14.996,,,,
1602,06/04/22 10:00:00 AM,16.618,,,,
1603,06/04/22 11:00:00 AM,16.618,,,,
1604,06/04/22 12:00:00 PM,17.855,,,,
1605,06/04/22 01:00:00 PM,19.853,,,,
1606,06/04/22 02:00:00 PM,19.092,,,,
1607,06/04/22 03:00:00 PM,17.475,,,,
1608,06/04/22 04:00:00 PM,17.379,,,,
1609,06/04/22 05:00:00 PM,17.760,,,,
1610,06/04/22 06:00:00 PM,16.427,,,,
1611,06/04/22 07:00:00 PM,15.855,,,,
1612,06/04/22 08:00:00 PM,15.664,,,,
1613,06/04/22 09:00:00 PM,15.569,,,,
1614,06/04/22 10:00:00 PM,15.378,,,,
1615,06/04/22 11:00:00 PM,15.569,,,,
1616,06/05/22 12:00:00 AM,15.569,,,,
1617,06/05/22 01:00:00 AM,15.378,,,,
1618,06/05/22 02:00:00 AM,14.996,,,,
1619,06/05/22 03:00:00 AM,14.996,,,,
1620,06/05/22 04:00:00 AM,14.709,,,,
1621,06/05/22 05:00:00 AM,14.709,,,,
1622,06/05/22 06:00:00 AM,14.804,,,,
1623,06/05/22 07:00:00 AM,15.378,,,,
1624,06/05/22 08:00:00 AM,15.473,,,,
1625,06/05/22 09:00:00 AM,14.900,,,,
1626,06/05/22 10:00:00 AM,15.282,,,,
1627,06/05/22 11:00:00 AM,15.664,,,,
1628,06/05/22 12:00:00 PM,16.523,,,,
1629,06/05/22 01:00:00 PM,16.999,,,,
1630,06/05/22 02:00:00 PM,16.713,,,,
1631,06/05/22 03:00:00 PM,17.760,,,,
1632,06/05/22 04:00:00 PM,17.189,,,,
1633,06/05/22 05:00:00 PM,16.046,,,,
1634,06/05/22 06:00:00 PM,16.332,,,,
1635,06/05/22 07:00:00 PM,15.664,,,,
1636,06/05/22 08:00:00 PM,14.613,,,,
1637,06/05/22 09:00:00 PM,14.134,,,,
1638,06/05/22 10:00:00 PM,13.942,,,,
1639,06/05/22 11:00:00 PM,13.750,,,,
1640,06/06/22 12:00:00 AM,13.173,,,,
1641,06/06/22 01:00:00 AM,12.497,,,,
1642,06/06/22 02:00:00 AM,11.722,,,,
1643,06/06/22 03:00:00 AM,10.455,,,,
1644,06/06/22 04:00:00 AM,9.669,,,,
1645,06/06/22 05:00:00 AM,9.373,,,,
1646,06/06/22 06:00:00 AM,9.669,,,,
1647,06/06/22 07:00:00 AM,11.041,,,,
1648,06/06/22 08:00:00 AM,11.916,,,,
1649,06/06/22 09:00:00 AM,12.110,,,,
1650,06/06/22 10:00:00 AM,12.690,,,,
1651,06/06/22 11:00:00 AM,13.942,,,,
1652,06/06/22 12:00:00 PM,15.378,,,,
1653,06/06/22 01:00:00 PM,16.523,,,,
1654,06/06/22 02:00:00 PM,17.475,,,,
1655,06/06/22 03:00:00 PM,18.140,,,,
1656,06/06/22 04:00:00 PM,17.760,,,,
1657,06/06/22 05:00:00 PM,18.140,,,,
1658,06/06/22 06:00:00 PM,17.570,,,,
1659,06/06/22 07:00:00 PM,17.475,,,,
1660,06/06/22 08:00:00 PM,17.570,,,,
1661,06/06/22 09:00:00 PM,16.046,,,,
1662,06/06/22 10:00:00 PM,14.709,,,,
1663,06/06/22 11:00:00 PM,13.558,,,,
1664,06/07/22 12:00:00 AM,12.497,,,,
1665,06/07/22 01:00:00 AM,12.594,,,,
1666,06/07/22 02:00:00 AM,12.207,,,,
1667,06/07/22 03:00:00 AM,11.528,,,,
1668,06/07/22 04:00:00 AM,11.334,,,,
1669,06/07/22 05:00:00 AM,10.944,,,,
1670,06/07/22 06:00:00 AM,10.357,,,,
1671,06/07/22 07:00:00 AM,12.304,,,,
1672,06/07/22 08:00:00 AM,12.980,,,,
1673,06/07/22 09:00:00 AM,13.846,,,,
1674,06/07/22 10:00:00 AM,15.282,,,,
1675,06/07/22 11:00:00 AM,16.713,,,,
1676,06/07/22 12:00:00 PM,17.950,,,,
1677,06/07/22 01:00:00 PM,19.472,,,,
1678,06/07/22 02:00:00 PM,21.473,,,,
1679,06/07/22 03:00:00 PM,22.333,,,,
1680,06/07/22 04:00:00 PM,22.621,,,,
1681,06/07/22 05:00:00 PM,22.717,,,,
1682,06/07/22 06:00:00 PM,22.621,,,,
1683,06/07/22 07:00:00 PM,21.187,,,,
1684,06/07/22 08:00:00 PM,20.234,,,,
1685,06/07/22 09:00:00 PM,19.282,,,,
1686,06/07/22 10:00:00 PM,17.665,,,,
1687,06/07/22 11:00:00 PM,16.427,,,,
1688,06/08/22 12:00:00 AM,15.760,,,,
1689,06/08/22 01:00:00 AM,15.187,,,,
1690,06/08/22 02:00:00 AM,14.325,,,,
1691,06/08/22 03:00:00 AM,14.517,,,,
1692,06/08/22 04:00:00 AM,13.750,,,,
1693,06/08/22 05:00:00 AM,13.558,,,,
1694,06/08/22 06:00:00 AM,13.365,,,,
1695,06/08/22 07:00:00 AM,14.230,,,,
1696,06/08/22 08:00:00 AM,15.091,,,,
1697,06/08/22 09:00:00 AM,16.046,,,,
1698,06/08/22 10:00:00 AM,15.951,,,,
1699,06/08/22 11:00:00 AM,16.808,,,,
1700,06/08/22 12:00:00 PM,17.665,,,,
1701,06/08/22 01:00:00 PM,18.711,,,,
1702,06/08/22 02:00:00 PM,20.234,,,,
1703,06/08/22 03:00:00 PM,20.901,,,,
1704,06/08/22 04:00:00 PM,21.091,,,,
1705,06/08/22 05:00:00 PM,21.760,,,,
1706,06/08/22 06:00:00 PM,21.855,,,,
1707,06/08/22 07:00:00 PM,21.664,,,,
1708,06/08/22 08:00:00 PM,19.567,,,,
1709,06/08/22 09:00:00 PM,18.521,,,,
1710,06/08/22 10:00:00 PM,17.189,,,,
1711,06/08/22 11:00:00 PM,16.046,,,,
1712,06/09/22 12:00:00 AM,16.618,,,,
1713,06/09/22 01:00:00 AM,15.664,,,,
1714,06/09/22 02:00:00 AM,14.709,,,,
1715,06/09/22 03:00:00 AM,14.421,,,,
1716,06/09/22 04:00:00 AM,14.709,,,,
1717,06/09/22 05:00:00 AM,14.230,,,,
1718,06/09/22 06:00:00 AM,12.787,,,,
1719,06/09/22 07:00:00 AM,12.401,,,,
1720,06/09/22 08:00:00 AM,13.269,,,,
1721,06/09/22 09:00:00 AM,12.980,,,,
1722,06/09/22 10:00:00 AM,12.690,,,,
1723,06/09/22 11:00:00 AM,12.594,,,,
1724,06/09/22 12:00:00 PM,12.401,,,,
1725,06/09/22 01:00:00 PM,12.594,,,,
1726,06/09/22 02:00:00 PM,13.269,,,,
1727,06/09/22 03:00:00 PM,13.558,,,,
1728,06/09/22 04:00:00 PM,12.787,,,,
1729,06/09/22 05:00:00 PM,13.173,,,,
1730,06/09/22 06:00:00 PM,13.750,,,,
1731,06/09/22 07:00:00 PM,13.750,,,,
1732,06/09/22 08:00:00 PM,13.942,,,,
1733,06/09/22 09:00:00 PM,14.421,,,,
1734,06/09/22 10:00:00 PM,14.709,,,,
1735,06/09/22 11:00:00 PM,14.996,,,,
1736,06/10/22 12:00:00 AM,16.523,,,,
1737,06/10/22 01:00:00 AM,16.332,,,,
1738,06/10/22 02:00:00 AM,16.141,,,,
1739,06/10/22 03:00:00 AM,16.046,,,,
1740,06/10/22 04:00:00 AM,15.664,,,,
1741,06/10/22 05:00:00 AM,15.473,,,,
1742,06/10/22 06:00:00 AM,14.900,,,,
1743,06/10/22 07:00:00 AM,14.804,,,,
1744,06/10/22 08:00:00 AM,14.996,,,,
1745,06/10/22 09:00:00 AM,16.332,,,,
1746,06/10/22 10:00:00 AM,16.903,,,,
1747,06/10/22 11:00:00 AM,17.665,,,,
1748,06/10/22 12:00:00 PM,18.236,,,,
1749,06/10/22 01:00:00 PM,18.996,,,,
1750,06/10/22 02:00:00 PM,19.377,,,,
1751,06/10/22 03:00:00 PM,17.855,,,,
1752,06/10/22 04:00:00 PM,17.665,,,,
1753,06/10/22 05:00:00 PM,16.237,,,,
1754,06/10/22 06:00:00 PM,16.427,,,,
1755,06/10/22 07:00:00 PM,15.569,,,,
1756,06/10/22 08:00:00 PM,14.996,,,,
1757,06/10/22 09:00:00 PM,14.134,,,,
1758,06/10/22 10:00:00 PM,14.230,,,,
1759,06/10/22 11:00:00 PM,13.942,,,,
1760,06/11/22 12:00:00 AM,13.654,,,,
1761,06/11/22 01:00:00 AM,13.269,,,,
1762,06/11/22 02:00:00 AM,13.365,,,,
1763,06/11/22 03:00:00 AM,13.269,,,,
1764,06/11/22 04:00:00 AM,13.076,,,,
1765,06/11/22 05:00:00 AM,12.787,,,,
1766,06/11/22 06:00:00 AM,12.980,,,,
1767,06/11/22 07:00:00 AM,13.365,,,,
1768,06/11/22 08:00:00 AM,13.750,,,,
1769,06/11/22 09:00:00 AM,14.421,,,,
1770,06/11/22 10:00:00 AM,15.282,,,,
1771,06/11/22 11:00:00 AM,15.855,,,,
1772,06/11/22 12:00:00 PM,16.808,,,,
1773,06/11/22 01:00:00 PM,18.616,,,,
1774,06/11/22 02:00:00 PM,19.377,,,,
1775,06/11/22 03:00:00 PM,20.234,,,,
1776,06/11/22 04:00:00 PM,21.091,,,,
1777,06/11/22 05:00:00 PM,20.615,,,,
1778,06/11/22 06:00:00 PM,21.091,,,,
1779,06/11/22 07:00:00 PM,19.948,,,,
1780,06/11/22 08:00:00 PM,18.045,,,,
1781,06/11/22 09:00:00 PM,16.237,,,,
1782,06/11/22 10:00:00 PM,14.230,,,,
1783,06/11/22 11:00:00 PM,13.654,,,,
1784,06/12/22 12:00:00 AM,13.461,,,,
1785,06/12/22 01:00:00 AM,13.365,,,,
1786,06/12/22 02:00:00 AM,13.076,,,,
1787,06/12/22 03:00:00 AM,12.594,,,,
1788,06/12/22 04:00:00 AM,12.013,,,,
1789,06/12/22 05:00:00 AM,10.944,,,,
1790,06/12/22 06:00:00 AM,11.625,,,,
1791,06/12/22 07:00:00 AM,11.819,,,,
1792,06/12/22 08:00:00 AM,12.110,,,,
1793,06/12/22 09:00:00 AM,12.980,,,,
1794,06/12/22 10:00:00 AM,12.883,,,,
1795,06/12/22 11:00:00 AM,13.173,,,,
1796,06/12/22 12:00:00 PM,13.461,,,,
1797,06/12/22 01:00:00 PM,13.558,,,,
1798,06/12/22 02:00:00 PM,13.846,,,,
1799,06/12/22 03:00:00 PM,13.654,,,,
1800,06/12/22 04:00:00 PM,14.038,,,,
1801,06/12/22 05:00:00 PM,14.421,,,,
1802,06/12/22 06:00:00 PM,14.134,,,,
1803,06/12/22 07:00:00 PM,13.558,,,,
1804,06/12/22 08:00:00 PM,13.750,,,,
1805,06/12/22 09:00:00 PM,12.883,,,,
1806,06/12/22 10:00:00 PM,12.497,,,,
1807,06/12/22 11:00:00 PM,11.625,,,,
1808,06/13/22 12:00:00 AM,10.846,,,,
1809,06/13/22 01:00:00 AM,10.357,,,,
1810,06/13/22 02:00:00 AM,10.259,,,,
1811,06/13/22 03:00:00 AM,10.357,,,,
1812,06/13/22 04:00:00 AM,10.553,,,,
1813,06/13/22 05:00:00 AM,10.553,,,,
1814,06/13/22 06:00:00 AM,10.553,,,,
1815,06/13/22 07:00:00 AM,10.748,,,,
1816,06/13/22 08:00:00 AM,11.528,,,,
1817,06/13/22 09:00:00 AM,12.401,,,,
1818,06/13/22 10:00:00 AM,13.269,,,,
1819,06/13/22 11:00:00 AM,13.558,,,,
1820,06/13/22 12:00:00 PM,14.517,,,,
1821,06/13/22 01:00:00 PM,14.709,,,,
1822,06/13/22 02:00:00 PM,15.569,,,,
1823,06/13/22 03:00:00 PM,15.282,,,,
1824,06/13/22 04:00:00 PM,15.760,,,,
1825,06/13/22 05:00:00 PM,14.900,,,,
1826,06/13/22 06:00:00 PM,15.187,,,,
1827,06/13/22 07:00:00 PM,14.613,,,,
1828,06/13/22 08:00:00 PM,12.787,,,,
1829,06/13/22 09:00:00 PM,12.304,,,,
1830,06/13/22 10:00:00 PM,11.722,,,,
1831,06/13/22 11:00:00 PM,11.236,,,,
1832,06/14/22 12:00:00 AM,11.041,,,,
1833,06/14/22 01:00:00 AM,10.553,,,,
1834,06/14/22 02:00:00 AM,10.553,,,,
1835,06/14/22 03:00:00 AM,10.259,,,,
1836,06/14/22 04:00:00 AM,10.063,,,,
1837,06/14/22 05:00:00 AM,9.768,,,,
1838,06/14/22 06:00:00 AM,9.768,,,,
1839,06/14/22 07:00:00 AM,9.866,,,,
1840,06/14/22 08:00:00 AM,10.259,,,,
1841,06/14/22 09:00:00 AM,10.651,,,,
1842,06/14/22 10:00:00 AM,11.819,,,,
1843,06/14/22 11:00:00 AM,13.750,,,,
1844,06/14/22 12:00:00 PM,14.900,,,,
1845,06/14/22 01:00:00 PM,16.808,,,,
1846,06/14/22 02:00:00 PM,16.713,,,,
1847,06/14/22 03:00:00 PM,17.855,,,,
1848,06/14/22 04:00:00 PM,17.094,,,,
1849,06/14/22 05:00:00 PM,16.713,,,,
1850,06/14/22 06:00:00 PM,16.523,,,,
1851,06/14/22 07:00:00 PM,15.855,,,,
1852,06/14/22 08:00:00 PM,15.760,,,,
1853,06/14/22 09:00:00 PM,14.709,,,,
1854,06/14/22 10:00:00 PM,13.846,,,,
1855,06/14/22 11:00:00 PM,12.787,,,,
1856,06/15/22 12:00:00 AM,11.819,,,,
1857,06/15/22 01:00:00 AM,10.357,,,,
1858,06/15/22 02:00:00 AM,10.259,,,,
1859,06/15/22 03:00:00 AM,9.768,,,,
1860,06/15/22 04:00:00 AM,9.373,,,,
1861,06/15/22 05:00:00 AM,9.373,,,,
1862,06/15/22 06:00:00 AM,9.866,,,,
1863,06/15/22 07:00:00 AM,10.553,,,,
1864,06/15/22 08:00:00 AM,11.139,,,,
1865,06/15/22 09:00:00 AM,11.916,,,,
1866,06/15/22 10:00:00 AM,12.787,,,,
1867,06/15/22 11:00:00 AM,14.325,,,,
1868,06/15/22 12:00:00 PM,15.091,,,,
1869,06/15/22 01:00:00 PM,14.996,,,,
1870,06/15/22 02:00:00 PM,15.378,,,,
1871,06/15/22 03:00:00 PM,15.473,,,,
1872,06/15/22 04:00:00 PM,16.332,,,,
1873,06/15/22 05:00:00 PM,15.951,,,,
1874,06/15/22 06:00:00 PM,15.855,,,,
1875,06/15/22 07:00:00 PM,15.951,,,,
1876,06/15/22 08:00:00 PM,15.664,,,,
1877,06/15/22 09:00:00 PM,14.517,,,,
1878,06/15/22 10:00:00 PM,14.517,,,,
1879,06/15/22 11:00:00 PM,13.750,,,,
1880,06/16/22 12:00:00 AM,12.013,,,,
1881,06/16/22 01:00:00 AM,11.819,,,,
1882,06/16/22 02:00:00 AM,11.139,,,,
1883,06/16/22 03:00:00 AM,10.846,,,,
1884,06/16/22 04:00:00 AM,10.259,,,,
1885,06/16/22 05:00:00 AM,10.748,,,,
1886,06/16/22 06:00:00 AM,10.748,,,,
1887,06/16/22 07:00:00 AM,11.431,,,,
1888,06/16/22 08:00:00 AM,12.207,,,,
1889,06/16/22 09:00:00 AM,13.654,,,,
1890,06/16/22 10:00:00 AM,15.091,,,,
1891,06/16/22 11:00:00 AM,16.523,,,,
1892,06/16/22 12:00:00 PM,16.903,,,,
1893,06/16/22 01:00:00 PM,15.664,,,,
1894,06/16/22 02:00:00 PM,18.806,,,,
1895,06/16/22 03:00:00 PM,18.996,,,,
1896,06/16/22 04:00:00 PM,19.472,,,,
1897,06/16/22 05:00:00 PM,19.377,,,,
1898,06/16/22 06:00:00 PM,18.616,,,,
1899,06/16/22 07:00:00 PM,19.092,,,,
1900,06/16/22 08:00:00 PM,18.236,,,,
1901,06/16/22 09:00:00 PM,17.189,,,,
1902,06/16/22 10:00:00 PM,16.141,,,,
1903,06/16/22 11:00:00 PM,15.378,,,,
1904,06/17/22 12:00:00 AM,14.613,,,,
1905,06/17/22 01:00:00 AM,14.230,,,,
1906,06/17/22 02:00:00 AM,14.230,,,,
1907,06/17/22 03:00:00 AM,13.942,,,,
1908,06/17/22 04:00:00 AM,13.269,,,,
1909,06/17/22 05:00:00 AM,12.690,,,,
1910,06/17/22 06:00:00 AM,12.207,,,,
1911,06/17/22 07:00:00 AM,13.269,,,,
1912,06/17/22 08:00:00 AM,13.365,,,,
1913,06/17/22 09:00:00 AM,13.365,,,,
1914,06/17/22 10:00:00 AM,13.461,,,,
1915,06/17/22 11:00:00 AM,13.558,,,,
1916,06/17/22 12:00:00 PM,14.038,,,,
1917,06/17/22 01:00:00 PM,14.134,,,,
1918,06/17/22 02:00:00 PM,13.846,,,,
1919,06/17/22 03:00:00 PM,13.558,,,,
1920,06/17/22 04:00:00 PM,13.365,,,,
1921,06/17/22 05:00:00 PM,13.750,,,,
1922,06/17/22 06:00:00 PM,13.173,,,,
1923,06/17/22 07:00:00 PM,12.980,,,,
1924,06/17/22 08:00:00 PM,12.980,,,,
1925,06/17/22 09:00:00 PM,12.883,,,,
1926,06/17/22 10:00:00 PM,12.690,,,,
1927,06/17/22 11:00:00 PM,12.497,,,,
1928,06/18/22 12:00:00 AM,12.207,,,,
1929,06/18/22 01:00:00 AM,12.013,,,,
1930,06/18/22 02:00:00 AM,11.528,,,,
1931,06/18/22 03:00:00 AM,11.431,,,,
1932,06/18/22 04:00:00 AM,11.625,,,,
1933,06/18/22 05:00:00 AM,11.334,,,,
1934,06/18/22 06:00:00 AM,11.431,,,,
1935,06/18/22 07:00:00 AM,11.722,,,,
1936,06/18/22 08:00:00 AM,12.110,,,,
1937,06/18/22 09:00:00 AM,12.787,,,,
1938,06/18/22 10:00:00 AM,13.942,,,,
1939,06/18/22 11:00:00 AM,14.230,,,,
1940,06/18/22 12:00:00 PM,14.804,,,,
1941,06/18/22 01:00:00 PM,15.187,,,,
1942,06/18/22 02:00:00 PM,15.569,,,,
1943,06/18/22 03:00:00 PM,16.046,,,,
1944,06/18/22 04:00:00 PM,16.427,,,,
1945,06/18/22 05:00:00 PM,16.237,,,,
1946,06/18/22 06:00:00 PM,16.713,,,,
1947,06/18/22 07:00:00 PM,16.237,,,,
1948,06/18/22 08:00:00 PM,15.282,,,,
1949,06/18/22 09:00:00 PM,14.325,,,,
1950,06/18/22 10:00:00 PM,13.750,,,,
1951,06/18/22 11:00:00 PM,13.173,,,,
1952,06/19/22 12:00:00 AM,12.787,,,,
1953,06/19/22 01:00:00 AM,12.304,,,,
1954,06/19/22 02:00:00 AM,11.722,,,,
1955,06/19/22 03:00:00 AM,11.625,,,,
1956,06/19/22 04:00:00 AM,11.722,,,,
1957,06/19/22 05:00:00 AM,11.625,,,,
1958,06/19/22 06:00:00 AM,11.819,,,,
1959,06/19/22 07:00:00 AM,12.110,,,,
1960,06/19/22 08:00:00 AM,12.401,,,,
1961,06/19/22 09:00:00 AM,13.365,,,,
1962,06/19/22 10:00:00 AM,14.134,,,,
1963,06/19/22 11:00:00 AM,15.187,,,,
1964,06/19/22 12:00:00 PM,16.141,,,,
1965,06/19/22 01:00:00 PM,17.379,,,,
1966,06/19/22 02:00:00 PM,18.521,,,,
1967,06/19/22 03:00:00 PM,19.282,,,,
1968,06/19/22 04:00:00 PM,19.567,,,,
1969,06/19/22 05:00:00 PM,19.567,,,,
1970,06/19/22 06:00:00 PM,18.711,,,,
1971,06/19/22 07:00:00 PM,17.284,,,,
1972,06/19/22 08:00:00 PM,17.665,,,,
1973,06/19/22 09:00:00 PM,16.427,,,,
1974,06/19/22 10:00:00 PM,15.091,,,,
1975,06/19/22 11:00:00 PM,14.325,,,,
1976,06/20/22 12:00:00 AM,13.654,,,,
1977,06/20/22 01:00:00 AM,12.980,,,,
1978,06/20/22 02:00:00 AM,11.916,,,,
1979,06/20/22 03:00:00 AM,10.846,,,,
1980,06/20/22 04:00:00 AM,11.431,,,,
1981,06/20/22 05:00:00 AM,11.528,,,,
1982,06/20/22 06:00:00 AM,12.013,,,,
1983,06/20/22 07:00:00 AM,12.207,,,,
1984,06/20/22 08:00:00 AM,12.594,,,,
1985,06/20/22 09:00:00 AM,12.883,,,,
1986,06/20/22 10:00:00 AM,14.038,,,,
1987,06/20/22 11:00:00 AM,15.091,,,,
1988,06/20/22 12:00:00 PM,16.332,,,,
1989,06/20/22 01:00:00 PM,16.999,,,,
1990,06/20/22 02:00:00 PM,17.760,,,,
1991,06/20/22 03:00:00 PM,18.616,,,,
1992,06/20/22 04:00:00 PM,20.234,,,,
1993,06/20/22 05:00:00 PM,19.377,,,,
1994,06/20/22 06:00:00 PM,19.377,,,,
1995,06/20/22 07:00:00 PM,19.092,,,,
1996,06/20/22 08:00:00 PM,18.996,,,,
1997,06/20/22 09:00:00 PM,17.189,,,,
1998,06/20/22 10:00:00 PM,15.855,,,,
1999,06/20/22 11:00:00 PM,15.187,,,,
2000,06/21/22 12:00:00 AM,14.038,,,,
2001,06/21/22 01:00:00 AM,13.654,,,,
2002,06/21/22 02:00:00 AM,12.883,,,,
2003,06/21/22 03:00:00 AM,12.594,,,,
2004,06/21/22 04:00:00 AM,12.110,,,,
2005,06/21/22 05:00:00 AM,12.013,,,,
2006,06/21/22 06:00:00 AM,11.819,,,,
2007,06/21/22 07:00:00 AM,11.916,,,,
2008,06/21/22 08:00:00 AM,12.497,,,,
2009,06/21/22 09:00:00 AM,12.883,,,,
2010,06/21/22 10:00:00 AM,14.038,,,,
2011,06/21/22 11:00:00 AM,15.760,,,,
2012,06/21/22 12:00:00 PM,18.426,,,,
2013,06/21/22 01:00:00 PM,21.091,,,,
2014,06/21/22 02:00:00 PM,22.333,,,,
2015,06/21/22 03:00:00 PM,24.158,,,,
2016,06/21/22 04:00:00 PM,24.931,,,,
2017,06/21/22 05:00:00 PM,25.222,,,,
2018,06/21/22 06:00:00 PM,25.708,,,,
2019,06/21/22 07:00:00 PM,25.805,,,,
2020,06/21/22 08:00:00 PM,24.835,,,,
2021,06/21/22 09:00:00 PM,22.525,,,,
2022,06/21/22 10:00:00 PM,20.424,,,,
2023,06/21/22 11:00:00 PM,19.187,,,,
2024,06/22/22 12:00:00 AM,18.331,,,,
2025,06/22/22 01:00:00 AM,17.379,,,,
2026,06/22/22 02:00:00 AM,17.094,,,,
2027,06/22/22 03:00:00 AM,16.427,,,,
2028,06/22/22 04:00:00 AM,15.951,,,,
2029,06/22/22 05:00:00 AM,15.378,,,,
2030,06/22/22 06:00:00 AM,15.378,,,,
2031,06/22/22 07:00:00 AM,15.378,,,,
2032,06/22/22 08:00:00 AM,16.046,,,,
2033,06/22/22 09:00:00 AM,15.760,,,,
2034,06/22/22 10:00:00 AM,16.237,,,,
2035,06/22/22 11:00:00 AM,16.618,,,,
2036,06/22/22 12:00:00 PM,17.379,,,,
2037,06/22/22 01:00:00 PM,18.236,,,,
2038,06/22/22 02:00:00 PM,19.187,,,,
2039,06/22/22 03:00:00 PM,18.426,,,,
2040,06/22/22 04:00:00 PM,19.758,,,,
2041,06/22/22 05:00:00 PM,20.138,,,,
2042,06/22/22 06:00:00 PM,21.187,,,,
2043,06/22/22 07:00:00 PM,21.187,,,,
2044,06/22/22 08:00:00 PM,19.853,,,,
2045,06/22/22 09:00:00 PM,18.711,,,,
2046,06/22/22 10:00:00 PM,16.427,,,,
2047,06/22/22 11:00:00 PM,14.804,,,,
2048,06/23/22 12:00:00 AM,13.365,,,,
2049,06/23/22 01:00:00 AM,12.690,,,,
2050,06/23/22 02:00:00 AM,11.819,,,,
2051,06/23/22 03:00:00 AM,11.528,,,,
2052,06/23/22 04:00:00 AM,11.139,,,,
2053,06/23/22 05:00:00 AM,10.748,,,,
2054,06/23/22 06:00:00 AM,10.944,,,,
2055,06/23/22 07:00:00 AM,11.041,,,,
2056,06/23/22 08:00:00 AM,11.722,,,,
2057,06/23/22 09:00:00 AM,12.594,,,,
2058,06/23/22 10:00:00 AM,13.942,,,,
2059,06/23/22 11:00:00 AM,15.187,,,,
2060,06/23/22 12:00:00 PM,16.999,,,,
2061,06/23/22 01:00:00 PM,18.616,,,,
2062,06/23/22 02:00:00 PM,19.948,,,,
2063,06/23/22 03:00:00 PM,20.519,,,,
2064,06/23/22 04:00:00 PM,20.996,,,,
2065,06/23/22 05:00:00 PM,21.378,,,,
2066,06/23/22 06:00:00 PM,21.664,,,,
2067,06/23/22 07:00:00 PM,20.901,,,,
2068,06/23/22 08:00:00 PM,19.567,,,,
2069,06/23/22 09:00:00 PM,18.236,,,,
2070,06/23/22 10:00:00 PM,16.999,,,,
2071,06/23/22 11:00:00 PM,16.141,,,,
2072,06/24/22 12:00:00 AM,14.900,,,,
2073,06/24/22 01:00:00 AM,13.461,,,,
2074,06/24/22 02:00:00 AM,13.269,,,,
2075,06/24/22 03:00:00 AM,13.365,,,,
2076,06/24/22 04:00:00 AM,12.110,,,,
2077,06/24/22 05:00:00 AM,11.041,,,,
2078,06/24/22 06:00:00 AM,10.748,,,,
2079,06/24/22 07:00:00 AM,11.722,,,,
2080,06/24/22 08:00:00 AM,13.942,,,,
2081,06/24/22 09:00:00 AM,15.569,,,,
2082,06/24/22 10:00:00 AM,16.999,,,,
2083,06/24/22 11:00:00 AM,18.616,,,,
2084,06/24/22 12:00:00 PM,19.662,,,,
2085,06/24/22 01:00:00 PM,21.378,,,,
2086,06/24/22 02:00:00 PM,22.812,,,,
2087,06/24/22 03:00:00 PM,23.773,,,,
2088,06/24/22 04:00:00 PM,24.545,,,,
2089,06/24/22 05:00:00 PM,24.738,,,,
2090,06/24/22 06:00:00 PM,24.351,,,,
2091,06/24/22 07:00:00 PM,23.869,,,,
2092,06/24/22 08:00:00 PM,23.292,,,,
2093,06/24/22 09:00:00 PM,21.378,,,,
2094,06/24/22 10:00:00 PM,19.853,,,,
2095,06/24/22 11:00:00 PM,18.901,,,,
2096,06/25/22 12:00:00 AM,18.806,,,,
2097,06/25/22 01:00:00 AM,18.236,,,,
2098,06/25/22 02:00:00 AM,17.475,,,,
2099,06/25/22 03:00:00 AM,15.378,,,,
2100,06/25/22 04:00:00 AM,14.134,,,,
2101,06/25/22 05:00:00 AM,13.173,,,,
2102,06/25/22 06:00:00 AM,12.690,,,,
2103,06/25/22 07:00:00 AM,13.461,,,,
2104,06/25/22 08:00:00 AM,17.475,,,,
2105,06/25/22 09:00:00 AM,18.996,,,,
2106,06/25/22 10:00:00 AM,20.901,,,,
2107,06/25/22 11:00:00 AM,23.004,,,,
2108,06/25/22 12:00:00 PM,25.513,,,,
2109,06/25/22 01:00:00 PM,27.272,,,,
2110,06/25/22 02:00:00 PM,29.252,,,,
2111,06/25/22 03:00:00 PM,30.154,,,,
2112,06/25/22 04:00:00 PM,30.356,,,,
2113,06/25/22 05:00:00 PM,30.659,,,,
2114,06/25/22 06:00:00 PM,30.255,,,,
2115,06/25/22 07:00:00 PM,28.953,,,,
2116,06/25/22 08:00:00 PM,27.468,,,,
2117,06/25/22 09:00:00 PM,25.416,,,,
2118,06/25/22 10:00:00 PM,24.351,,,,
2119,06/25/22 11:00:00 PM,23.869,,,,
2120,06/26/22 12:00:00 AM,23.004,,,,
2121,06/26/22 01:00:00 AM,22.429,,,,
2122,06/26/22 02:00:00 AM,21.473,,,,
2123,06/26/22 03:00:00 AM,19.853,,,,
2124,06/26/22 04:00:00 AM,17.475,,,,
2125,06/26/22 05:00:00 AM,16.427,,,,
2126,06/26/22 06:00:00 AM,15.951,,,,
2127,06/26/22 07:00:00 AM,16.141,,,,
2128,06/26/22 08:00:00 AM,19.282,,,,
2129,06/26/22 09:00:00 AM,22.525,,,,
2130,06/26/22 10:00:00 AM,24.158,,,,
2131,06/26/22 11:00:00 AM,25.610,,,,
2132,06/26/22 12:00:00 PM,27.567,,,,
2133,06/26/22 01:00:00 PM,29.552,,,,
2134,06/26/22 02:00:00 PM,30.558,,,,
2135,06/26/22 03:00:00 PM,32.086,,,,
2136,06/26/22 04:00:00 PM,32.497,,,,
2137,06/26/22 05:00:00 PM,32.291,,,,
2138,06/26/22 06:00:00 PM,31.983,,,,
2139,06/26/22 07:00:00 PM,31.268,,,,
2140,06/26/22 08:00:00 PM,30.457,,,,
2141,06/26/22 09:00:00 PM,27.764,,,,
2142,06/26/22 10:00:00 PM,24.062,,,,
2143,06/26/22 11:00:00 PM,22.717,,,,
2144,06/27/22 12:00:00 AM,23.388,,,,
2145,06/27/22 01:00:00 AM,20.996,,,,
2146,06/27/22 02:00:00 AM,19.948,,,,
2147,06/27/22 03:00:00 AM,19.092,,,,
2148,06/27/22 04:00:00 AM,18.426,,,,
2149,06/27/22 05:00:00 AM,17.665,,,,
2150,06/27/22 06:00:00 AM,17.189,,,,
2151,06/27/22 07:00:00 AM,17.379,,,,
2152,06/27/22 08:00:00 AM,20.615,,,,
2153,06/27/22 09:00:00 AM,23.100,,,,
2154,06/27/22 10:00:00 AM,24.158,,,,
2155,06/27/22 11:00:00 AM,26.292,,,,
2156,06/27/22 12:00:00 PM,28.456,,,,
2157,06/27/22 01:00:00 PM,30.862,,,,
2158,06/27/22 02:00:00 PM,32.188,,,,
2159,06/27/22 03:00:00 PM,32.807,,,,
2160,06/27/22 04:00:00 PM,32.704,,,,
2161,06/27/22 05:00:00 PM,32.394,,,,
2162,06/27/22 06:00:00 PM,29.352,,,,
2163,06/27/22 07:00:00 PM,28.357,,,,
2164,06/27/22 08:00:00 PM,26.195,,,,
2165,06/27/22 09:00:00 PM,24.062,,,,
2166,06/27/22 10:00:00 PM,20.901,,,,
2167,06/27/22 11:00:00 PM,17.760,,,,
2168,06/28/22 12:00:00 AM,15.569,,,,
2169,06/28/22 01:00:00 AM,14.996,,,,
2170,06/28/22 02:00:00 AM,14.709,,,,
2171,06/28/22 03:00:00 AM,14.613,,,,
2172,06/28/22 04:00:00 AM,14.421,,,,
2173,06/28/22 05:00:00 AM,14.038,,,,
2174,06/28/22 06:00:00 AM,13.942,,,,
2175,06/28/22 07:00:00 AM,14.613,,,,
2176,06/28/22 08:00:00 AM,15.091,,,,
2177,06/28/22 09:00:00 AM,15.664,,,,
2178,06/28/22 10:00:00 AM,16.808,,,,
2179,06/28/22 11:00:00 AM,17.284,,,,
2180,06/28/22 12:00:00 PM,18.140,,,,
2181,06/28/22 01:00:00 PM,18.331,,,,
2182,06/28/22 02:00:00 PM,17.570,,,,
2183,06/28/22 03:00:00 PM,17.855,,,,
2184,06/28/22 04:00:00 PM,18.236,,,,
2185,06/28/22 05:00:00 PM,16.903,,,,
2186,06/28/22 06:00:00 PM,16.141,,,,
2187,06/28/22 07:00:00 PM,15.569,,,,
2188,06/28/22 08:00:00 PM,15.282,,,,
2189,06/28/22 09:00:00 PM,15.760,,,,
2190,06/28/22 10:00:00 PM,15.473,,,,
2191,06/28/22 11:00:00 PM,15.378,,,,
2192,06/29/22 12:00:00 AM,15.282,,,,
2193,06/29/22 01:00:00 AM,15.282,,,,
2194,06/29/22 02:00:00 AM,15.473,,,,
2195,06/29/22 03:00:00 AM,14.709,,,,
2196,06/29/22 04:00:00 AM,13.846,,,,
2197,06/29/22 05:00:00 AM,12.690,,,,
2198,06/29/22 06:00:00 AM,12.690,,,,
2199,06/29/22 07:00:00 AM,13.076,,,,
2200,06/29/22 08:00:00 AM,13.461,,,,
2201,06/29/22 09:00:00 AM,14.134,,,,
2202,06/29/22 10:00:00 AM,14.996,,,,
2203,06/29/22 11:00:00 AM,15.282,,,,
2204,06/29/22 11:33:02 AM,,Logged,,,
2205,06/29/22 11:33:30 AM,,,Logged,,
2206,06/29/22 11:33:51 AM,,,,Logged,Logged
