UTCDateTime,mac_address,firmware_ver,hardware,current_temp_f,current_humidity,current_dewpoint_f,pressure,adc,mem,rssi,uptime,pm1_0_cf_1,pm2_5_cf_1,pm10_0_cf_1,pm1_0_atm,pm2_5_atm,pm10_0_atm,pm2.5_aqi_cf_1,pm2.5_aqi_atm,p_0_3_um,p_0_5_um,p_1_0_um,p_2_5_um,p_5_0_um,p_10_0_um,pm1_0_cf_1_b,pm2_5_cf_1_b,pm10_0_cf_1_b,pm1_0_atm_b,pm2_5_atm_b,pm10_0_atm_b,pm2.5_aqi_cf_1_b,pm2.5_aqi_atm_b,p_0_3_um_b,p_0_5_um_b,p_1_0_um_b,p_2_5_um_b,p_5_0_um_b,p_10_0_um_b,gas
2025/08/07T00:00:14z,48:3f:da:2a:ee:34,7.04,3.0+OPENLOG+31954 MB+RV3028+BME68X+PMSX003-A+PMSX003-B,83,49,62,1004.94,0.00,9160,-49,1484455,0.54,0.61,1.14,0.54,0.61,1.14,3,3,238.58,65.03,6.20,0.71,0.71,0.71,1.35,1.58,1.58,1.35,1.58,1.58,7,7,403.11,113.93,8.14,0.00,0.00,0.00,56.17
2025/08/07T00:02:13z,48:3f:da:2a:ee:34,7.04,3.0+OPENLOG+31954 MB+RV3028+BME68X+PMSX003-A+PMSX003-B,84,48,62,1004.83,0.00,8904,-52,1484575,0.49,0.65,0.65,0.49,0.65,0.65,3,3,246.00,64.89,5.26,0.00,0.00,0.00,1.05,1.05,1.17,1.05,1.05,1.17,4,4,349.27,96.88,5.00,0.12,0.12,0.12,56.85
2025/08/07T00:04:13z,48:3f:da:2a:ee:34,7.04,3.0+OPENLOG+31954 MB+RV3028+BME68X+PMSX003-A+PMSX003-B,84,48,62,1004.85,0.00,8904,-50,1484695,0.50,0.82,1.36,0.50,0.82,1.36,3,3,313.07,84.54,6.64,0.59,0.59,0.59,1.48,1.62,1.67,1.48,1.62,1.67,7,7,397.60,111.43,7.41,0.09,0.09,0.09,57.80
2025/08/07T00:06:13z,48:3f:da:2a:ee:34,7.04,3.0+OPENLOG+31954 MB+RV3028+BME68X+PMSX003-A+PMSX003-B,86,47,63,1004.77,0.00,9160,-52,1484815,0.19,0.22,0.22,0.19,0.22,0.22,1,1,244.24,63.10,6.93,0.00,0.00,0.00,1.12,1.29,1.43,1.12,1.29,1.43,5,5,424.03,117.55,6.88,0.22,0.22,0.22,57.53
2025/08/07T00:08:13z,48:3f:da:2a:ee:34,7.04,3.0+OPENLOG+31954 MB+RV3028+BME68X+PMSX003-A+PMSX003-B,85,45,61,1004.83,0.00,8904,-49,1484935,0.51,0.59,0.76,0.51,0.59,0.76,2,2,309.92,82.53,8.39,0.51,0.51,0.00,1.09,1.42,1.42,1.09,1.42,1.42,6,6,371.29,102.89,6.47,0.07,0.00,0.00,54.19
2025/08/07T00:10:13z,48:3f:da:2a:ee:34,7.04,3.0+OPENLOG+31954 MB+RV3028+BME68X+PMSX003-A+PMSX003-B,85,45,61,1004.76,0.00,8904,-49,1485055,0.29,0.55,0.55,0.29,0.55,0.55,2,2,254.17,67.97,4.50,0.00,0.00,0.00,0.97,1.21,1.38,0.97,1.21,1.38,5,5,363.67,102.78,6.88,0.33,0.17,0.00,54.39
2025/08/07T00:12:13z,48:3f:da:2a:ee:34,7.04,3.0+OPENLOG+31954 MB+RV3028+BME68X+PMSX003-A+PMSX003-B,87,45,63,1004.74,0.00,8904,-52,1485175,0.75,0.80,0.80,0.75,0.80,0.80,3,3,259.88,73.55,7.29,0.00,0.00,0.00,0.52,0.98,1.14,0.52,0.98,1.14,4,4,390.36,109.55,6.21,0.83,0.40,0.40,57.73
2025/08/07T00:14:13z,48:3f:da:2a:ee:34,7.04,3.0+OPENLOG+31954 MB+RV3028+BME68X+PMSX003-A+PMSX003-B,88,43,63,1004.71,0.00,8904,-53,1485295,0.27,0.46,1.83,0.27,0.46,1.83,2,2,257.19,69.97,9.51,2.19,2.19,0.76,1.26,1.66,2.09,1.26,1.66,2.09,7,7,412.55,111.52,7.26,1.38,0.71,0.29,56.80
2025/08/07T00:16:13z,48:3f:da:2a:ee:34,7.04,3.0+OPENLOG+31954 MB+RV3028+BME68X+PMSX003-A+PMSX003-B,88,42,62,1004.71,0.00,8904,-52,1485415,0.37,0.46,1.97,0.37,0.46,1.97,2,2,278.24,80.19,7.83,3.00,1.78,1.07,0.67,0.90,0.90,0.67,0.90,0.90,4,4,393.41,108.69,6.47,0.28,0.00,0.00,57.98
2025/08/07T00:18:13z,48:3f:da:2a:ee:34,7.04,3.0+OPENLOG+31954 MB+RV3028+BME68X+PMSX003-A+PMSX003-B,88,43,62,1004.72,0.00,8904,-55,1485535,0.59,0.74,0.91,0.59,0.74,0.91,3,3,272.79,75.67,6.31,0.98,0.26,0.26,1.02,1.25,1.34,1.02,1.25,1.34,5,5,422.25,111.68,7.93,0.59,0.23,0.00,57.83
2025/08/07T00:20:13z,48:3f:da:2a:ee:34,7.04,3.0+OPENLOG+31954 MB+RV3028+BME68X+PMSX003-A+PMSX003-B,88,41,61,1004.70,0.00,8904,-50,1485655,0.57,0.77,0.95,0.57,0.77,0.95,3,3,275.79,77.73,5.89,0.27,0.27,0.27,0.92,1.15,1.15,0.92,1.15,1.15,5,5,352.27,94.83,5.07,0.00,0.00,0.00,56.84
2025/08/07T00:22:13z,48:3f:da:2a:ee:34,7.04,3.0+OPENLOG+31954 MB+RV3028+BME68X+PMSX003-A+PMSX003-B,88,42,62,1004.66,0.00,8904,-50,1485775,0.61,1.00,1.77,0.61,1.00,1.77,4,4,276.16,74.05,8.68,1.84,1.16,1.16,0.73,0.76,1.17,0.73,0.76,1.17,3,3,326.69,89.69,3.66,0.61,0.61,0.20,58.44
2025/08/07T00:24:13z,48:3f:da:2a:ee:34,7.04,3.0+OPENLOG+31954 MB+RV3028+BME68X+PMSX003-A+PMSX003-B,90,40,62,1004.58,0.00,9160,-52,1485895,0.58,0.82,2.10,0.58,0.82,2.10,3,3,281.85,78.50,8.45,2.05,2.05,0.85,0.77,1.02,1.29,0.77,1.02,1.29,4,4,344.36,90.73,7.29,0.50,0.50,0.23,58.96
2025/08/07T00:26:13z,48:3f:da:2a:ee:34,7.04,3.0+OPENLOG+31954 MB+RV3028+BME68X+PMSX003-A+PMSX003-B,90,40,62,1004.63,0.00,8904,-51,1486015,0.64,0.71,1.98,0.64,0.71,1.98,3,3,301.12,83.95,9.66,1.53,1.53,1.53,0.60,0.74,0.98,0.60,0.74,0.98,3,3,355.79,100.26,5.58,0.72,0.21,0.21,59.86
2025/08/07T00:28:13z,48:3f:da:2a:ee:34,7.04,3.0+OPENLOG+31954 MB+RV3028+BME68X+PMSX003-A+PMSX003-B,92,39,63,1004.57,0.00,8904,-49,1486135,0.30,0.32,0.75,0.30,0.32,0.75,1,1,297.63,77.53,8.32,0.53,0.53,0.53,0.29,0.41,0.41,0.29,0.41,0.41,2,2,358.58,98.07,7.12,0.27,0.00,0.00,59.54
2025/08/07T00:30:13z,48:3f:da:2a:ee:34,7.04,3.0+OPENLOG+31954 MB+RV3028+BME68X+PMSX003-A+PMSX003-B,89,40,61,1004.63,0.00,8904,-53,1486255,0.47,0.67,0.67,0.47,0.67,0.67,3,3,258.71,70.64,4.09,0.00,0.00,0.00,0.25,0.51,0.51,0.25,0.51,0.51,2,2,358.22,102.22,6.61,0.00,0.00,0.00,57.35
2025/08/07T00:32:13z,48:3f:da:2a:ee:34,7.04,3.0+OPENLOG+31954 MB+RV3028+BME68X+PMSX003-A+PMSX003-B,88,40,61,1004.62,0.00,8904,-49,1486375,0.58,1.15,1.56,0.58,1.15,1.56,5,5,308.29,80.64,10.02,2.54,0.51,0.51,0.09,0.23,0.23,0.09,0.23,0.23,1,1,330.95,91.96,6.63,0.05,0.00,0.00,57.09
2025/08/07T00:34:13z,48:3f:da:2a:ee:34,7.04,3.0+OPENLOG+31954 MB+RV3028+BME68X+PMSX003-A+PMSX003-B,88,40,60,1004.61,0.00,8904,-53,1486495,0.61,0.93,0.93,0.61,0.93,0.93,4,4,298.83,83.44,9.81,0.76,0.00,0.00,0.24,0.49,0.49,0.24,0.49,0.49,2,2,366.38,105.56,5.98,0.11,0.00,0.00,57.07
2025/08/07T00:36:13z,48:3f:da:2a:ee:34,7.04,3.0+OPENLOG+31954 MB+RV3028+BME68X+PMSX003-A+PMSX003-B,89,40,61,1004.61,0.00,9160,-53,1486615,0.88,1.03,2.02,0.88,1.03,2.02,4,4,295.60,80.74,12.31,1.45,1.45,0.72,0.80,1.03,1.03,0.80,1.03,1.03,4,4,368.95,104.97,7.46,0.19,0.00,0.00,59.58
2025/08/07T00:38:13z,48:3f:da:2a:ee:34,7.04,3.0+OPENLOG+31954 MB+RV3028+BME68X+PMSX003-A+PMSX003-B,91,38,62,1004.51,0.00,8904,-50,1486735,0.48,0.93,1.73,0.48,0.93,1.73,4,4,293.46,82.29,11.95,1.82,1.18,0.54,1.02,1.24,1.31,1.02,1.24,1.31,5,5,385.53,109.92,7.54,0.39,0.39,0.00,59.50
2025/08/07T00:40:13z,48:3f:da:2a:ee:34,7.04,3.0+OPENLOG+31954 MB+RV3028+BME68X+PMSX003-A+PMSX003-B,90,38,61,1004.55,0.00,8904,-51,1486855,0.31,0.79,1.81,0.31,0.79,1.81,3,3,365.28,101.38,12.10,1.24,1.24,1.24,0.28,0.56,0.56,0.28,0.56,0.56,2,2,353.68,105.05,7.95,0.23,0.00,0.00,58.30
2025/08/07T00:42:14z,48:3f:da:2a:ee:34,7.04,3.0+OPENLOG+31954 MB+RV3028+BME68X+PMSX003-A+PMSX003-B,90,38,61,1004.59,0.00,8904,-51,1486975,0.50,0.91,0.91,0.50,0.91,0.91,4,4,289.09,76.55,11.38,0.00,0.00,0.00,0.86,1.05,1.05,0.86,1.05,1.05,4,4,418.82,120.05,9.57,0.20,0.00,0.00,56.79
2025/08/07T00:44:15z,48:3f:da:2a:ee:34,7.04,3.0+OPENLOG+31954 MB+RV3028+BME68X+PMSX003-A+PMSX003-B,89,38,60,1004.58,0.00,8992,-52,1487095,0.57,1.21,1.21,0.57,1.21,1.21,5,5,247.50,75.52,9.67,0.67,0.00,0.00,1.28,1.64,1.64,1.28,1.64,1.64,7,7,373.76,107.03,9.26,0.00,0.00,0.00,58.78
2025/08/07T00:46:15z,48:3f:da:2a:ee:34,7.04,3.0+OPENLOG+31954 MB+RV3028+BME68X+PMSX003-A+PMSX003-B,90,38,61,1004.61,0.00,8736,-51,1487215,0.66,0.85,1.14,0.66,0.85,1.14,4,4,287.08,84.71,6.61,0.51,0.51,0.00,0.75,0.96,1.43,0.75,0.96,1.43,4,4,381.80,109.68,8.57,0.54,0.54,0.54,58.93
2025/08/07T00:48:15z,48:3f:da:2a:ee:34,7.04,3.0+OPENLOG+31954 MB+RV3028+BME68X+PMSX003-A+PMSX003-B,89,37,59,1004.63,0.00,8904,-50,1487335,0.63,1.00,1.42,0.63,1.00,1.42,4,4,277.17,77.80,11.03,0.51,0.51,0.51,1.37,1.40,1.70,1.37,1.40,1.70,6,6,373.00,107.39,8.37,0.42,0.42,0.23,58.00
2025/08/07T00:50:15z,48:3f:da:2a:ee:34,7.04,3.0+OPENLOG+31954 MB+RV3028+BME68X+PMSX003-A+PMSX003-B,88,38,59,1004.54,0.00,9160,-51,1487455,0.91,1.12,1.80,0.91,1.12,1.80,5,5,305.68,83.04,9.59,1.45,0.80,0.80,1.16,1.45,1.45,1.16,1.45,1.45,6,6,363.72,103.52,7.78,0.47,0.05,0.05,56.28
2025/08/07T00:52:15z,48:3f:da:2a:ee:34,7.04,3.0+OPENLOG+31954 MB+RV3028+BME68X+PMSX003-A+PMSX003-B,90,38,61,1004.55,0.00,9160,-50,1487575,0.32,0.73,1.16,0.32,0.73,1.16,3,3,304.39,84.38,13.02,0.70,0.70,0.00,0.19,0.39,0.64,0.19,0.39,0.64,2,2,374.59,101.00,7.19,0.37,0.37,0.37,57.87
2025/08/07T00:54:15z,48:3f:da:2a:ee:34,7.04,3.0+OPENLOG+31954 MB+RV3028+BME68X+PMSX003-A+PMSX003-B,87,38,59,1004.68,0.00,8904,-50,1487695,0.52,0.90,1.14,0.52,0.90,1.14,4,4,267.21,75.36,12.00,0.36,0.36,0.00,0.35,0.63,0.98,0.35,0.63,0.98,3,3,399.53,110.72,5.60,0.44,0.44,0.44,58.52
2025/08/07T00:56:15z,48:3f:da:2a:ee:34,7.04,3.0+OPENLOG+31954 MB+RV3028+BME68X+PMSX003-A+PMSX003-B,86,40,59,1004.64,0.00,9160,-52,1487815,0.78,0.97,1.14,0.78,0.97,1.14,4,4,261.76,73.98,6.05,0.25,0.25,0.00,1.32,1.74,2.16,1.32,1.74,2.16,7,7,378.42,107.46,7.39,1.02,0.56,0.56,59.08
2025/08/07T00:58:15z,48:3f:da:2a:ee:34,7.04,3.0+OPENLOG+31954 MB+RV3028+BME68X+PMSX003-A+PMSX003-B,88,40,60,1004.56,0.00,9160,-52,1487935,0.96,1.14,1.60,0.96,1.14,1.60,5,5,306.16,86.53,9.37,0.63,0.63,0.63,0.93,1.17,1.53,0.93,1.17,1.53,5,5,372.86,105.75,8.83,0.61,0.61,0.61,62.66
2025/08/07T01:00:15z,48:3f:da:2a:ee:34,7.04,3.0+OPENLOG+31954 MB+RV3028+BME68X+PMSX003-A+PMSX003-B,88,39,60,1004.50,0.00,9160,-50,1488055,0.68,0.79,2.05,0.68,0.79,2.05,3,3,316.58,84.74,9.42,1.53,1.53,1.53,0.90,1.20,1.33,0.90,1.20,1.33,5,5,371.20,105.57,9.83,0.22,0.22,0.22,64.23
2025/08/07T01:02:15z,48:3f:da:2a:ee:34,7.04,3.0+OPENLOG+31954 MB+RV3028+BME68X+PMSX003-A+PMSX003-B,88,40,60,1004.52,0.00,9160,-52,1488175,0.85,1.41,1.41,0.85,1.41,1.41,6,6,320.03,86.85,10.63,0.56,0.00,0.00,1.37,1.88,2.25,1.37,1.88,2.25,8,8,420.68,118.16,9.88,1.33,0.75,0.51,63.28
2025/08/07T01:04:15z,48:3f:da:2a:ee:34,7.04,3.0+OPENLOG+31954 MB+RV3028+BME68X+PMSX003-A+PMSX003-B,89,38,60,1004.48,0.00,8904,-56,1488295,0.71,1.00,1.97,0.71,1.00,1.97,4,4,273.97,74.54,8.75,1.53,1.22,1.22,1.18,1.47,1.53,1.18,1.47,1.53,6,6,361.42,101.74,7.44,0.21,0.21,0.00,58.32
2025/08/07T01:06:15z,48:3f:da:2a:ee:34,7.04,3.0+OPENLOG+31954 MB+RV3028+BME68X+PMSX003-A+PMSX003-B,88,39,60,1004.52,0.00,8904,-48,1488415,0.09,0.53,0.53,0.09,0.53,0.53,2,2,241.45,68.33,9.57,0.26,0.00,0.00,1.28,1.62,1.71,1.28,1.62,1.71,7,7,406.45,111.95,8.55,0.26,0.26,0.09,56.71
2025/08/07T01:08:15z,48:3f:da:2a:ee:34,7.04,3.0+OPENLOG+31954 MB+RV3028+BME68X+PMSX003-A+PMSX003-B,87,39,59,1004.54,0.00,8904,-51,1488535,0.89,1.32,1.71,0.89,1.32,1.71,6,6,328.50,87.64,8.09,0.64,0.64,0.00,1.15,1.73,2.08,1.15,1.73,2.08,7,7,364.15,103.87,11.00,1.12,0.57,0.33,72.50
2025/08/07T01:10:15z,48:3f:da:2a:ee:34,7.04,3.0+OPENLOG+31954 MB+RV3028+BME68X+PMSX003-A+PMSX003-B,87,41,60,1004.54,0.00,9160,-53,1488655,0.75,1.20,1.20,0.75,1.20,1.20,5,5,295.78,82.73,7.63,0.00,0.00,0.00,1.02,1.26,1.26,1.02,1.26,1.26,5,5,355.60,98.31,8.59,0.07,0.00,0.00,63.52
2025/08/07T01:12:15z,48:3f:da:2a:ee:34,7.04,3.0+OPENLOG+31954 MB+RV3028+BME68X+PMSX003-A+PMSX003-B,88,39,60,1004.58,0.00,8904,-51,1488775,0.19,0.69,0.78,0.19,0.69,0.78,3,3,263.28,67.34,6.93,0.26,0.26,0.00,0.73,0.91,1.15,0.73,0.91,1.15,4,4,327.22,94.73,9.20,0.71,0.00,0.00,59.27
2025/08/07T01:14:15z,48:3f:da:2a:ee:34,7.04,3.0+OPENLOG+31954 MB+RV3028+BME68X+PMSX003-A+PMSX003-B,85,40,58,1004.56,0.00,9160,-54,1488895,0.41,0.47,1.36,0.41,0.47,1.36,2,2,258.83,69.36,7.24,1.40,1.40,0.62,1.00,1.10,1.28,1.00,1.10,1.28,5,5,324.26,92.71,7.22,0.22,0.22,0.22,61.57
2025/08/07T01:16:15z,48:3f:da:2a:ee:34,7.04,3.0+OPENLOG+31954 MB+RV3028+BME68X+PMSX003-A+PMSX003-B,88,40,60,1004.48,0.00,9160,-56,1489015,0.54,1.43,1.45,0.54,1.43,1.45,6,6,256.02,72.38,12.75,1.39,0.05,0.00,0.67,0.81,1.02,0.67,0.81,1.02,3,3,356.95,99.50,7.05,0.21,0.21,0.21,61.17
2025/08/07T01:18:15z,48:3f:da:2a:ee:34,7.04,3.0+OPENLOG+31954 MB+RV3028+BME68X+PMSX003-A+PMSX003-B,86,40,59,1004.58,0.00,8904,-51,1489135,0.63,1.19,1.19,0.63,1.19,1.19,5,5,251.53,71.95,10.89,1.37,0.00,0.00,0.78,1.19,1.25,0.78,1.19,1.25,5,5,366.86,104.00,8.24,0.47,0.24,0.00,58.26
2025/08/07T01:20:15z,48:3f:da:2a:ee:34,7.04,3.0+OPENLOG+31954 MB+RV3028+BME68X+PMSX003-A+PMSX003-B,88,39,60,1004.47,0.00,8904,-54,1489255,0.34,0.66,1.31,0.34,0.66,1.31,3,3,256.03,65.48,7.97,1.34,0.83,0.52,0.67,0.93,1.47,0.67,0.93,1.47,4,4,301.53,86.54,6.70,0.54,0.54,0.54,56.85
2025/08/07T01:22:15z,48:3f:da:2a:ee:34,7.04,3.0+OPENLOG+31954 MB+RV3028+BME68X+PMSX003-A+PMSX003-B,87,39,59,1004.46,0.00,9160,-51,1489375,0.03,0.22,0.49,0.03,0.22,0.49,1,1,214.47,58.73,7.37,0.97,0.76,0.00,0.50,0.55,0.91,0.50,0.55,0.91,2,2,285.80,80.00,5.14,0.57,0.57,0.41,65.12
2025/08/07T01:24:15z,48:3f:da:2a:ee:34,7.04,3.0+OPENLOG+31954 MB+RV3028+BME68X+PMSX003-A+PMSX003-B,88,39,60,1004.43,0.00,8904,-50,1489495,0.32,0.62,1.05,0.32,0.62,1.05,3,3,246.05,65.20,7.45,1.34,0.59,0.59,0.59,0.59,0.81,0.59,0.59,0.81,2,2,281.69,74.93,4.88,0.49,0.49,0.41,77.82
2025/08/07T01:26:15z,48:3f:da:2a:ee:34,7.04,3.0+OPENLOG+31954 MB+RV3028+BME68X+PMSX003-A+PMSX003-B,87,39,59,1004.52,0.00,9160,-51,1489615,0.49,0.72,0.72,0.49,0.72,0.72,3,3,309.63,74.05,6.84,0.00,0.00,0.00,0.53,0.72,1.00,0.53,0.72,1.00,3,3,280.81,74.69,6.41,0.48,0.48,0.22,65.88
2025/08/07T01:28:15z,48:3f:da:2a:ee:34,7.04,3.0+OPENLOG+31954 MB+RV3028+BME68X+PMSX003-A+PMSX003-B,87,38,58,1004.52,0.00,8904,-49,1489735,0.12,0.36,0.53,0.12,0.36,0.53,2,2,209.64,56.33,5.33,0.62,0.00,0.00,0.68,1.09,1.16,0.68,1.09,1.16,5,5,297.95,84.61,3.93,0.25,0.23,0.04,60.00
2025/08/07T01:30:15z,48:3f:da:2a:ee:34,7.04,3.0+OPENLOG+31954 MB+RV3028+BME68X+PMSX003-A+PMSX003-B,88,38,59,1004.46,0.00,8904,-53,1489855,0.49,0.88,0.88,0.49,0.88,0.88,4,4,263.90,64.78,6.25,0.76,0.00,0.00,0.77,1.00,1.32,0.77,1.00,1.32,4,4,291.59,79.86,5.77,0.73,0.52,0.52,59.06
2025/08/07T01:32:15z,48:3f:da:2a:ee:34,7.04,3.0+OPENLOG+31954 MB+RV3028+BME68X+PMSX003-A+PMSX003-B,88,38,59,1004.52,0.00,8904,-50,1489975,0.18,0.62,1.27,0.18,0.62,1.27,3,3,208.29,55.50,6.48,0.70,0.70,0.70,0.81,0.89,1.04,0.81,0.89,1.04,4,4,282.79,78.70,7.86,0.61,0.37,0.12,59.18
2025/08/07T01:34:15z,48:3f:da:2a:ee:34,7.04,3.0+OPENLOG+31954 MB+RV3028+BME68X+PMSX003-A+PMSX003-B,86,39,58,1004.56,0.00,8904,-53,1490095,0.30,0.54,0.95,0.30,0.54,0.95,2,2,223.39,62.09,5.30,0.59,0.59,0.59,0.85,1.00,1.24,0.85,1.00,1.24,4,4,295.73,82.95,4.22,0.49,0.49,0.24,59.39
2025/08/07T01:36:15z,48:3f:da:2a:ee:34,7.04,3.0+OPENLOG+31954 MB+RV3028+BME68X+PMSX003-A+PMSX003-B,86,39,58,1004.51,0.00,9160,-53,1490215,0.00,0.19,0.97,0.00,0.19,0.97,1,1,220.97,59.95,6.98,1.71,1.19,0.62,1.16,1.17,1.17,1.16,1.17,1.17,5,5,341.22,91.83,4.64,0.19,0.00,0.00,58.87
2025/08/07T01:38:15z,48:3f:da:2a:ee:34,7.04,3.0+OPENLOG+31954 MB+RV3028+BME68X+PMSX003-A+PMSX003-B,85,40,58,1004.52,0.00,9160,-53,1490335,0.27,0.95,1.78,0.27,0.95,1.78,4,4,251.69,69.15,8.54,1.68,1.12,0.56,0.38,0.54,0.61,0.38,0.54,0.61,2,2,273.75,76.66,4.93,0.39,0.18,0.18,58.53
2025/08/07T01:40:15z,48:3f:da:2a:ee:34,7.04,3.0+OPENLOG+31954 MB+RV3028+BME68X+PMSX003-A+PMSX003-B,84,41,58,1004.58,0.00,9160,-49,1490455,0.00,0.02,0.46,0.00,0.02,0.46,0,0,223.47,50.29,6.36,0.66,0.66,0.00,0.78,0.91,1.12,0.78,0.91,1.12,4,4,299.17,80.93,5.76,0.36,0.36,0.36,59.63
2025/08/07T01:42:15z,48:3f:da:2a:ee:34,7.04,3.0+OPENLOG+31954 MB+RV3028+BME68X+PMSX003-A+PMSX003-B,84,41,58,1004.52,0.00,8904,-50,1490575,0.27,0.59,0.93,0.27,0.59,0.93,2,2,227.73,61.29,5.25,0.59,0.59,0.00,0.71,0.83,1.00,0.71,0.83,1.00,3,3,323.28,82.62,3.98,0.17,0.17,0.00,60.04
2025/08/07T01:44:15z,48:3f:da:2a:ee:34,7.04,3.0+OPENLOG+31954 MB+RV3028+BME68X+PMSX003-A+PMSX003-B,83,41,57,1004.61,0.00,8992,-51,1490696,0.39,0.77,0.86,0.39,0.77,0.86,3,3,231.95,64.11,5.47,1.00,0.21,0.00,0.71,0.95,1.28,0.71,0.95,1.28,4,4,320.02,89.76,4.59,0.93,0.40,0.40,60.74
2025/08/07T01:46:15z,48:3f:da:2a:ee:34,7.04,3.0+OPENLOG+31954 MB+RV3028+BME68X+PMSX003-A+PMSX003-B,83,43,58,1004.54,0.00,8736,-50,1490816,0.45,1.02,1.71,0.45,1.02,1.71,4,4,263.09,69.27,10.61,2.41,1.12,0.00,1.02,1.10,1.28,1.02,1.10,1.28,5,5,332.02,95.19,4.71,0.60,0.26,0.26,61.20
2025/08/07T01:48:15z,48:3f:da:2a:ee:34,7.04,3.0+OPENLOG+31954 MB+RV3028+BME68X+PMSX003-A+PMSX003-B,80,44,56,1004.69,0.00,8904,-49,1490936,0.40,0.86,1.19,0.40,0.86,1.19,4,4,260.37,64.58,9.11,1.32,0.63,0.00,1.12,1.33,1.33,1.12,1.33,1.33,6,6,343.40,93.58,5.48,0.23,0.00,0.00,62.67
2025/08/07T01:50:15z,48:3f:da:2a:ee:34,7.04,3.0+OPENLOG+31954 MB+RV3028+BME68X+PMSX003-A+PMSX003-B,80,45,56,1004.62,0.00,8904,-55,1491056,0.34,0.92,1.53,0.34,0.92,1.53,4,4,240.56,63.00,8.59,2.34,0.92,0.41,1.09,1.48,1.52,1.09,1.48,1.52,6,6,368.30,107.00,5.48,0.48,0.21,0.00,60.70
2025/08/07T01:52:15z,48:3f:da:2a:ee:34,7.04,3.0+OPENLOG+31954 MB+RV3028+BME68X+PMSX003-A+PMSX003-B,80,45,57,1004.72,0.00,9160,-52,1491176,0.33,0.75,2.92,0.33,0.75,2.92,3,3,265.50,70.15,11.95,3.70,2.95,1.70,0.97,0.97,1.33,0.97,0.97,1.33,4,4,349.71,101.21,4.79,0.36,0.36,0.36,59.67
2025/08/07T01:54:15z,48:3f:da:2a:ee:34,7.04,3.0+OPENLOG+31954 MB+RV3028+BME68X+PMSX003-A+PMSX003-B,81,45,57,1004.68,0.00,9160,-52,1491296,0.14,0.48,1.52,0.14,0.48,1.52,2,2,242.36,61.07,10.77,1.82,1.29,1.29,1.15,1.53,1.70,1.15,1.53,1.70,6,6,382.95,103.27,8.32,0.22,0.22,0.00,59.52
2025/08/07T01:56:15z,48:3f:da:2a:ee:34,7.04,3.0+OPENLOG+31954 MB+RV3028+BME68X+PMSX003-A+PMSX003-B,80,46,57,1004.70,0.00,8904,-52,1491416,0.60,0.81,1.21,0.60,0.81,1.21,3,3,304.45,76.09,8.59,0.52,0.52,0.52,1.29,1.42,1.42,1.29,1.42,1.42,6,6,364.93,106.22,6.83,0.00,0.00,0.00,60.62
2025/08/07T01:58:15z,48:3f:da:2a:ee:34,7.04,3.0+OPENLOG+31954 MB+RV3028+BME68X+PMSX003-A+PMSX003-B,80,46,57,1004.78,0.00,9160,-53,1491536,0.63,0.86,0.86,0.63,0.86,0.86,4,4,273.66,70.12,6.71,0.00,0.00,0.00,0.89,1.02,1.39,0.89,1.02,1.39,4,4,370.58,101.39,8.28,0.46,0.46,0.46,60.05
2025/08/07T02:00:15z,48:3f:da:2a:ee:34,7.04,3.0+OPENLOG+31954 MB+RV3028+BME68X+PMSX003-A+PMSX003-B,79,47,57,1004.74,0.00,8904,-52,1491656,0.71,1.08,1.81,0.71,1.08,1.81,5,5,284.03,75.56,6.92,1.27,1.27,0.00,1.27,1.48,1.82,1.27,1.48,1.82,6,6,388.77,108.04,5.82,0.39,0.39,0.14,58.82
2025/08/07T02:02:15z,48:3f:da:2a:ee:34,7.04,3.0+OPENLOG+31954 MB+RV3028+BME68X+PMSX003-A+PMSX003-B,78,48,56,1004.81,0.00,8904,-56,1491776,0.20,0.68,1.12,0.20,0.68,1.12,3,3,249.43,64.61,6.48,1.18,0.59,0.59,1.00,1.37,1.66,1.00,1.37,1.66,6,6,365.49,106.47,5.41,0.46,0.46,0.46,59.02
2025/08/07T02:04:15z,48:3f:da:2a:ee:34,7.04,3.0+OPENLOG+31954 MB+RV3028+BME68X+PMSX003-A+PMSX003-B,78,48,57,1004.79,0.00,9160,-51,1491896,0.88,1.48,1.48,0.88,1.48,1.48,6,6,320.14,91.02,11.20,0.64,0.00,0.00,1.16,1.38,1.55,1.16,1.38,1.55,6,6,417.83,112.50,6.55,0.26,0.26,0.26,59.64
2025/08/07T02:06:15z,48:3f:da:2a:ee:34,7.04,3.0+OPENLOG+31954 MB+RV3028+BME68X+PMSX003-A+PMSX003-B,78,49,57,1004.83,0.00,8904,-51,1492016,0.98,0.98,0.98,0.98,0.98,0.98,4,4,293.34,83.54,4.88,0.00,0.00,0.00,1.33,1.59,1.69,1.33,1.59,1.69,7,7,386.02,106.93,7.36,0.43,0.19,0.19,67.68
2025/08/07T02:08:15z,48:3f:da:2a:ee:34,7.04,3.0+OPENLOG+31954 MB+RV3028+BME68X+PMSX003-A+PMSX003-B,78,49,57,1004.84,0.00,9160,-53,1492136,0.56,0.73,0.73,0.56,0.73,0.73,3,3,294.56,80.64,4.83,0.76,0.00,0.00,1.55,1.87,1.87,1.55,1.87,1.87,8,8,414.27,116.13,4.73,0.00,0.00,0.00,62.49
2025/08/07T02:10:15z,48:3f:da:2a:ee:34,7.04,3.0+OPENLOG+31954 MB+RV3028+BME68X+PMSX003-A+PMSX003-B,77,49,56,1004.86,0.00,8904,-50,1492256,0.54,1.04,1.04,0.54,1.04,1.04,4,4,291.32,77.11,6.11,1.47,0.00,0.00,1.38,1.79,2.10,1.38,1.79,2.10,7,7,424.66,118.60,5.98,0.84,0.41,0.17,60.52
2025/08/07T02:12:15z,48:3f:da:2a:ee:34,7.04,3.0+OPENLOG+31954 MB+RV3028+BME68X+PMSX003-A+PMSX003-B,79,48,58,1004.86,0.00,8904,-50,1492376,0.60,1.07,1.07,0.60,1.07,1.07,4,4,293.84,72.00,4.11,0.68,0.00,0.00,1.50,1.62,1.83,1.50,1.62,1.83,7,7,453.00,128.62,8.03,0.38,0.22,0.22,60.60
2025/08/07T02:14:15z,48:3f:da:2a:ee:34,7.04,3.0+OPENLOG+31954 MB+RV3028+BME68X+PMSX003-A+PMSX003-B,79,48,57,1004.86,0.00,8904,-51,1492496,0.45,1.03,1.03,0.45,1.03,1.03,4,4,315.16,78.67,11.69,0.00,0.00,0.00,1.18,1.30,1.30,1.17,1.30,1.30,5,5,415.65,120.22,7.12,0.00,0.00,0.00,74.03
2025/08/07T02:16:15z,48:3f:da:2a:ee:34,7.04,3.0+OPENLOG+31954 MB+RV3028+BME68X+PMSX003-A+PMSX003-B,77,49,56,1004.96,0.00,8904,-53,1492616,0.34,0.56,0.56,0.34,0.56,0.56,2,2,274.73,68.44,7.07,0.00,0.00,0.00,1.40,1.54,1.81,1.40,1.54,1.81,6,6,412.84,114.56,5.68,0.53,0.26,0.26,65.18
2025/08/07T02:18:15z,48:3f:da:2a:ee:34,7.04,3.0+OPENLOG+31954 MB+RV3028+BME68X+PMSX003-A+PMSX003-B,76,49,55,1004.96,0.00,8904,-53,1492736,1.00,1.34,2.27,1.00,1.34,2.27,6,6,323.24,84.81,10.73,2.29,1.53,0.71,1.12,1.57,1.69,1.12,1.57,1.69,7,7,408.47,119.83,6.81,0.21,0.21,0.21,62.55
2025/08/07T02:20:15z,48:3f:da:2a:ee:34,7.04,3.0+OPENLOG+31954 MB+RV3028+BME68X+PMSX003-A+PMSX003-B,78,49,57,1004.96,0.00,8904,-51,1492856,0.89,1.12,2.12,0.89,1.12,2.12,5,5,326.57,90.38,10.61,1.55,1.55,0.54,1.59,1.81,2.33,1.59,1.81,2.33,8,8,429.16,124.24,9.09,0.66,0.40,0.22,78.95
2025/08/07T02:22:15z,48:3f:da:2a:ee:34,7.04,3.0+OPENLOG+31954 MB+RV3028+BME68X+PMSX003-A+PMSX003-B,78,48,56,1004.95,0.00,8904,-51,1492976,0.42,0.88,1.47,0.42,0.88,1.47,4,4,292.58,78.84,11.84,1.32,0.74,0.00,1.24,1.46,1.61,1.24,1.46,1.61,6,6,411.36,112.51,5.68,0.32,0.32,0.15,65.41
2025/08/07T02:24:15z,48:3f:da:2a:ee:34,7.04,3.0+OPENLOG+31954 MB+RV3028+BME68X+PMSX003-A+PMSX003-B,78,48,56,1004.95,0.00,8904,-50,1493096,0.70,0.83,1.75,0.68,0.83,1.75,3,3,291.75,76.20,8.15,1.60,1.60,0.00,1.21,1.34,1.43,1.21,1.34,1.43,6,6,379.45,110.29,7.70,0.14,0.14,0.09,62.42
2025/08/07T02:26:15z,48:3f:da:2a:ee:34,7.04,3.0+OPENLOG+31954 MB+RV3028+BME68X+PMSX003-A+PMSX003-B,78,48,57,1004.95,0.00,8904,-52,1493216,0.95,1.48,2.05,0.95,1.48,2.05,6,6,344.70,95.20,11.35,1.65,0.95,0.70,1.45,1.71,1.98,1.45,1.71,1.98,7,7,418.29,117.79,8.96,0.50,0.50,0.23,63.71
2025/08/07T02:28:15z,48:3f:da:2a:ee:34,7.04,3.0+OPENLOG+31954 MB+RV3028+BME68X+PMSX003-A+PMSX003-B,77,48,56,1005.02,0.00,9160,-54,1493336,0.54,0.93,1.49,0.54,0.93,1.49,4,4,308.84,81.58,11.53,0.68,0.68,0.68,1.02,1.31,1.44,1.02,1.31,1.44,5,5,397.68,109.51,8.19,0.19,0.19,0.19,62.24
2025/08/07T02:30:15z,48:3f:da:2a:ee:34,7.04,3.0+OPENLOG+31954 MB+RV3028+BME68X+PMSX003-A+PMSX003-B,77,48,55,1005.10,0.00,8904,-53,1493456,0.57,1.04,1.23,0.57,1.04,1.23,4,4,260.04,70.23,10.45,1.61,0.32,0.00,0.67,0.93,0.93,0.67,0.93,0.93,4,4,312.83,88.17,7.57,0.00,0.00,0.00,61.37
2025/08/07T02:32:15z,48:3f:da:2a:ee:34,7.04,3.0+OPENLOG+31954 MB+RV3028+BME68X+PMSX003-A+PMSX003-B,77,48,56,1005.07,0.00,8904,-49,1493576,0.59,1.05,1.15,0.59,1.05,1.15,4,4,272.59,73.47,6.81,1.12,0.25,0.00,0.82,1.12,1.12,0.82,1.12,1.12,5,5,310.29,86.38,5.75,0.00,0.00,0.00,60.78
2025/08/07T02:34:15z,48:3f:da:2a:ee:34,7.04,3.0+OPENLOG+31954 MB+RV3028+BME68X+PMSX003-A+PMSX003-B,77,48,56,1005.13,0.00,8904,-50,1493696,0.20,0.80,1.28,0.20,0.80,1.28,3,3,267.15,65.00,7.45,1.15,0.60,0.60,0.91,1.14,1.14,0.91,1.14,1.14,5,5,341.52,90.30,5.41,0.41,0.18,0.18,62.56
2025/08/07T02:36:15z,48:3f:da:2a:ee:34,7.04,3.0+OPENLOG+31954 MB+RV3028+BME68X+PMSX003-A+PMSX003-B,77,49,56,1005.12,0.00,8904,-52,1493816,0.48,0.53,0.97,0.48,0.53,0.97,2,2,265.81,72.47,8.17,0.57,0.57,0.57,0.73,1.05,1.24,0.73,1.05,1.24,4,4,346.63,95.36,6.00,0.44,0.19,0.19,64.57
2025/08/07T02:38:15z,48:3f:da:2a:ee:34,7.04,3.0+OPENLOG+31954 MB+RV3028+BME68X+PMSX003-A+PMSX003-B,76,50,56,1005.17,0.00,8904,-52,1493936,0.49,0.80,0.84,0.49,0.80,0.84,3,3,272.45,69.93,7.25,0.76,0.05,0.05,0.90,1.02,1.02,0.90,1.02,1.02,4,4,338.03,93.75,7.29,0.17,0.00,0.00,64.54
2025/08/07T02:40:15z,48:3f:da:2a:ee:34,7.04,3.0+OPENLOG+31954 MB+RV3028+BME68X+PMSX003-A+PMSX003-B,77,50,57,1005.21,0.00,8904,-49,1494056,0.53,1.05,2.22,0.53,1.05,2.22,4,4,276.75,70.95,7.45,2.95,1.70,1.20,0.95,1.09,1.09,0.95,1.09,1.09,5,5,338.84,96.61,5.09,0.05,0.00,0.00,62.91
2025/08/07T02:42:15z,48:3f:da:2a:ee:34,7.04,3.0+OPENLOG+31954 MB+RV3028+BME68X+PMSX003-A+PMSX003-B,77,49,56,1005.14,0.00,8904,-53,1494176,0.68,0.80,1.15,0.68,0.80,1.15,3,3,324.15,82.07,6.51,0.46,0.46,0.46,1.28,1.51,1.51,1.28,1.51,1.51,6,6,347.79,102.79,6.51,0.00,0.00,0.00,60.53
2025/08/07T02:44:16z,48:3f:da:2a:ee:34,7.04,3.0+OPENLOG+31954 MB+RV3028+BME68X+PMSX003-A+PMSX003-B,77,50,57,1005.15,0.00,8736,-52,1494296,0.49,0.84,1.30,0.49,0.84,1.30,4,4,278.05,78.53,11.32,1.11,0.53,0.53,0.68,0.81,0.81,0.68,0.81,0.81,3,3,310.68,88.49,8.27,0.39,0.00,0.00,60.66
2025/08/07T02:46:16z,48:3f:da:2a:ee:34,7.04,3.0+OPENLOG+31954 MB+RV3028+BME68X+PMSX003-A+PMSX003-B,77,49,56,1005.12,0.00,8736,-50,1494416,0.73,1.18,1.62,0.73,1.18,1.62,5,5,303.45,77.65,12.00,1.15,0.60,0.60,0.98,1.00,1.35,0.98,1.00,1.35,4,4,317.62,95.51,4.80,0.36,0.36,0.36,60.18
2025/08/07T02:48:16z,48:3f:da:2a:ee:34,7.04,3.0+OPENLOG+31954 MB+RV3028+BME68X+PMSX003-A+PMSX003-B,77,50,56,1005.14,0.00,8904,-50,1494536,0.22,0.60,1.55,0.22,0.60,1.55,3,3,257.59,65.02,8.33,1.50,1.29,0.72,0.79,1.10,1.28,0.79,1.10,1.28,5,5,294.67,82.36,7.40,0.38,0.17,0.17,61.94
2025/08/07T02:50:16z,48:3f:da:2a:ee:34,7.04,3.0+OPENLOG+31954 MB+RV3028+BME68X+PMSX003-A+PMSX003-B,77,50,57,1005.26,0.00,8904,-51,1494656,0.30,0.82,2.04,0.30,0.82,2.04,3,3,322.61,79.98,11.46,2.25,1.34,0.75,0.81,1.16,1.69,0.81,1.16,1.69,5,5,351.57,101.22,8.60,1.29,0.78,0.67,60.39
2025/08/07T02:52:16z,48:3f:da:2a:ee:34,7.04,3.0+OPENLOG+31954 MB+RV3028+BME68X+PMSX003-A+PMSX003-B,76,50,56,1005.18,0.00,9160,-53,1494776,0.45,0.91,1.03,0.45,0.91,1.03,4,4,222.98,67.03,8.17,0.88,0.16,0.00,1.03,1.21,1.33,1.03,1.21,1.33,5,5,329.53,94.86,5.29,0.41,0.34,0.00,59.41
2025/08/07T02:54:16z,48:3f:da:2a:ee:34,7.04,3.0+OPENLOG+31954 MB+RV3028+BME68X+PMSX003-A+PMSX003-B,76,51,56,1005.19,0.00,9160,-54,1494896,0.59,0.95,1.68,0.59,0.95,1.68,4,4,287.54,75.56,7.93,1.63,1.32,0.00,1.25,1.54,1.66,1.25,1.54,1.66,6,6,366.96,102.12,8.75,0.43,0.25,0.00,61.27
2025/08/07T02:56:16z,48:3f:da:2a:ee:34,7.04,3.0+OPENLOG+31954 MB+RV3028+BME68X+PMSX003-A+PMSX003-B,75,51,56,1005.23,0.00,9160,-51,1495016,1.03,1.51,2.02,1.03,1.51,2.02,6,6,361.17,96.69,14.85,2.44,0.46,0.00,1.18,1.65,1.65,1.18,1.65,1.65,7,7,414.05,113.49,11.26,0.21,0.18,0.00,60.97
2025/08/07T02:58:16z,48:3f:da:2a:ee:34,7.04,3.0+OPENLOG+31954 MB+RV3028+BME68X+PMSX003-A+PMSX003-B,76,51,57,1005.17,0.00,8904,-49,1495136,0.55,0.89,1.95,0.55,0.89,1.95,4,4,276.75,70.77,9.91,1.93,1.82,0.38,1.08,1.49,1.78,1.08,1.49,1.78,6,6,386.54,105.17,7.34,0.83,0.47,0.24,61.50
2025/08/07T03:00:16z,48:3f:da:2a:ee:34,7.04,3.0+OPENLOG+31954 MB+RV3028+BME68X+PMSX003-A+PMSX003-B,76,51,56,1005.18,0.00,8904,-52,1495256,0.47,1.12,3.00,0.47,1.12,3.00,5,5,286.74,76.37,12.21,3.21,2.63,2.37,1.57,1.84,1.84,1.57,1.84,1.84,8,8,414.83,115.64,7.43,0.17,0.00,0.00,61.29
2025/08/07T03:02:16z,48:3f:da:2a:ee:34,7.04,3.0+OPENLOG+31954 MB+RV3028+BME68X+PMSX003-A+PMSX003-B,76,52,57,1005.22,0.00,8904,-52,1495376,0.41,0.69,1.12,0.41,0.69,1.12,3,3,281.14,74.80,6.97,1.37,0.76,0.25,0.91,1.23,1.23,0.91,1.23,1.23,5,5,333.91,96.05,8.00,0.09,0.00,0.00,60.68
2025/08/07T03:04:16z,48:3f:da:2a:ee:34,7.04,3.0+OPENLOG+31954 MB+RV3028+BME68X+PMSX003-A+PMSX003-B,75,52,56,1005.29,0.00,9160,-49,1495496,0.17,0.62,0.62,0.17,0.62,0.62,3,3,240.05,63.41,6.93,0.72,0.00,0.00,0.91,0.91,1.34,0.91,0.91,1.34,4,4,319.82,95.27,4.93,0.43,0.43,0.43,62.46
2025/08/07T03:06:16z,48:3f:da:2a:ee:34,7.04,3.0+OPENLOG+31954 MB+RV3028+BME68X+PMSX003-A+PMSX003-B,75,52,56,1005.23,0.00,8904,-48,1495616,0.14,0.47,1.63,0.14,0.47,1.63,2,2,239.68,58.00,6.47,1.68,1.26,1.26,0.95,1.00,1.00,0.95,1.00,1.00,4,4,308.74,85.83,6.09,0.19,0.00,0.00,63.19
2025/08/07T03:08:16z,48:3f:da:2a:ee:34,7.04,3.0+OPENLOG+31954 MB+RV3028+BME68X+PMSX003-A+PMSX003-B,75,52,56,1005.21,0.00,9160,-50,1495736,0.43,0.86,1.73,0.43,0.86,1.73,4,4,259.07,66.70,10.50,2.41,1.45,0.00,0.83,1.08,1.29,0.83,1.08,1.29,5,5,318.25,89.92,6.93,0.20,0.20,0.20,61.20
2025/08/07T03:10:16z,48:3f:da:2a:ee:34,7.04,3.0+OPENLOG+31954 MB+RV3028+BME68X+PMSX003-A+PMSX003-B,75,51,56,1005.18,0.00,8904,-48,1495856,0.21,0.66,1.81,0.21,0.66,1.81,3,3,251.69,66.31,8.69,2.43,1.14,1.14,0.58,0.67,0.95,0.58,0.67,0.95,3,3,316.84,91.77,6.95,0.42,0.42,0.23,63.95
2025/08/07T03:12:16z,48:3f:da:2a:ee:34,7.04,3.0+OPENLOG+31954 MB+RV3028+BME68X+PMSX003-A+PMSX003-B,74,53,56,1005.31,0.00,8904,-52,1495976,0.02,0.56,1.02,0.02,0.56,1.02,2,2,269.69,62.64,4.93,0.71,0.71,0.00,0.82,1.04,1.04,0.82,1.04,1.04,4,4,294.82,82.49,6.67,0.27,0.00,0.00,61.96
2025/08/07T03:14:16z,48:3f:da:2a:ee:34,7.04,3.0+OPENLOG+31954 MB+RV3028+BME68X+PMSX003-A+PMSX003-B,75,52,56,1005.22,0.00,9160,-53,1496096,0.54,1.03,1.54,0.54,1.03,1.54,4,4,282.97,71.69,8.39,0.76,0.76,0.76,0.81,1.24,1.24,0.81,1.24,1.24,5,5,308.12,86.19,7.38,0.24,0.00,0.00,62.04
2025/08/07T03:16:16z,48:3f:da:2a:ee:34,7.04,3.0+OPENLOG+31954 MB+RV3028+BME68X+PMSX003-A+PMSX003-B,75,52,56,1005.29,0.00,8904,-53,1496216,0.32,0.37,0.37,0.32,0.37,0.37,2,2,296.68,80.11,5.89,0.00,0.00,0.00,0.78,1.03,1.34,0.78,1.03,1.34,4,4,346.40,99.95,9.48,0.62,0.40,0.21,65.42
2025/08/07T03:18:16z,48:3f:da:2a:ee:34,7.04,3.0+OPENLOG+31954 MB+RV3028+BME68X+PMSX003-A+PMSX003-B,75,52,56,1005.29,0.00,8904,-52,1496336,0.67,1.17,2.16,0.67,1.17,2.16,5,5,250.76,72.41,9.52,1.86,1.29,1.29,0.81,0.98,1.41,0.81,0.98,1.41,4,4,305.48,86.66,7.05,0.62,0.62,0.41,63.57
2025/08/07T03:20:16z,48:3f:da:2a:ee:34,7.04,3.0+OPENLOG+31954 MB+RV3028+BME68X+PMSX003-A+PMSX003-B,74,52,55,1005.35,0.00,8904,-49,1496456,0.31,0.54,1.44,0.31,0.54,1.44,2,2,276.71,63.71,9.10,1.93,1.27,0.71,0.65,0.75,1.35,0.65,0.75,1.35,3,3,315.87,91.20,5.51,0.85,0.85,0.85,63.52
2025/08/07T03:22:16z,48:3f:da:2a:ee:34,7.04,3.0+OPENLOG+31954 MB+RV3028+BME68X+PMSX003-A+PMSX003-B,74,53,56,1005.36,0.00,8904,-53,1496576,0.24,0.67,0.67,0.24,0.67,0.67,3,3,216.00,57.98,7.55,0.00,0.00,0.00,0.74,0.86,1.05,0.74,0.86,1.05,4,4,294.47,81.81,7.33,0.45,0.07,0.07,63.16
2025/08/07T03:24:16z,48:3f:da:2a:ee:34,7.04,3.0+OPENLOG+31954 MB+RV3028+BME68X+PMSX003-A+PMSX003-B,75,53,56,1005.38,0.00,8904,-51,1496696,0.14,0.32,0.61,0.14,0.32,0.61,1,1,209.09,56.62,6.96,0.59,0.59,0.00,0.97,1.10,1.23,0.97,1.10,1.23,5,5,328.75,94.33,4.82,0.40,0.18,0.18,63.56
2025/08/07T03:26:16z,48:3f:da:2a:ee:34,7.04,3.0+OPENLOG+31954 MB+RV3028+BME68X+PMSX003-A+PMSX003-B,73,53,55,1005.49,0.00,8904,-51,1496816,0.39,0.58,0.91,0.39,0.58,0.91,2,2,231.16,60.47,8.84,0.68,0.68,0.00,0.92,1.15,1.15,0.92,1.15,1.15,5,5,327.51,92.95,6.81,0.39,0.00,0.00,63.50
2025/08/07T03:28:16z,48:3f:da:2a:ee:34,7.04,3.0+OPENLOG+31954 MB+RV3028+BME68X+PMSX003-A+PMSX003-B,74,54,56,1005.45,0.00,8904,-51,1496936,0.29,0.69,0.69,0.29,0.69,0.69,3,3,235.55,60.31,8.07,0.00,0.00,0.00,0.89,1.02,1.54,0.89,1.02,1.54,4,4,317.21,87.96,7.74,1.09,0.89,0.68,61.92
2025/08/07T03:30:16z,48:3f:da:2a:ee:34,7.04,3.0+OPENLOG+31954 MB+RV3028+BME68X+PMSX003-A+PMSX003-B,74,54,56,1005.51,0.00,8904,-51,1497056,0.34,0.61,0.85,0.34,0.61,0.85,3,3,223.47,62.75,5.54,1.22,0.71,0.00,0.86,0.86,1.12,0.86,0.86,1.12,4,4,293.00,81.63,5.25,0.53,0.53,0.04,60.42
2025/08/07T03:32:16z,48:3f:da:2a:ee:34,7.04,3.0+OPENLOG+31954 MB+RV3028+BME68X+PMSX003-A+PMSX003-B,74,54,56,1005.54,0.00,8904,-49,1497176,0.19,0.63,0.63,0.19,0.63,0.63,3,3,210.16,57.05,6.21,0.00,0.00,0.00,0.95,1.10,1.28,0.95,1.10,1.28,5,5,319.30,87.48,6.67,0.67,0.23,0.23,61.99
2025/08/07T03:34:16z,48:3f:da:2a:ee:34,7.04,3.0+OPENLOG+31954 MB+RV3028+BME68X+PMSX003-A+PMSX003-B,74,54,56,1005.54,0.00,8904,-52,1497296,0.09,0.45,0.95,0.09,0.45,0.95,2,2,221.95,54.91,6.70,0.59,0.59,0.59,0.65,0.87,0.95,0.65,0.87,0.95,4,4,277.35,77.05,5.28,0.20,0.20,0.00,62.13
2025/08/07T03:36:16z,48:3f:da:2a:ee:34,7.04,3.0+OPENLOG+31954 MB+RV3028+BME68X+PMSX003-A+PMSX003-B,74,54,56,1005.55,0.00,8904,-51,1497416,0.12,0.22,0.62,0.12,0.22,0.62,1,1,199.35,51.10,6.70,0.75,0.75,0.75,0.68,1.02,1.60,0.68,1.02,1.60,4,4,284.63,82.47,8.82,1.56,0.93,0.93,61.00
2025/08/07T03:38:16z,48:3f:da:2a:ee:34,7.04,3.0+OPENLOG+31954 MB+RV3028+BME68X+PMSX003-A+PMSX003-B,74,54,56,1005.57,0.00,9160,-49,1497536,0.23,0.60,0.92,0.23,0.60,0.92,3,3,225.90,55.65,9.75,0.85,0.60,0.00,0.93,1.12,1.32,0.92,1.12,1.32,5,5,296.95,86.61,6.19,0.53,0.20,0.00,62.27
2025/08/07T03:40:16z,48:3f:da:2a:ee:34,7.04,3.0+OPENLOG+31954 MB+RV3028+BME68X+PMSX003-A+PMSX003-B,74,54,56,1005.55,0.00,8904,-54,1497656,0.70,1.02,1.28,0.70,1.02,1.28,4,4,269.53,71.95,8.68,1.05,0.53,0.00,0.79,0.81,0.81,0.79,0.81,0.81,3,3,310.14,86.62,6.66,0.24,0.00,0.00,63.09
2025/08/07T03:42:16z,48:3f:da:2a:ee:34,7.04,3.0+OPENLOG+31954 MB+RV3028+BME68X+PMSX003-A+PMSX003-B,74,54,56,1005.55,0.00,8904,-53,1497776,0.45,0.56,1.42,0.45,0.56,1.42,2,2,256.42,68.73,8.67,1.42,1.42,0.76,0.24,0.34,0.34,0.24,0.34,0.34,1,1,293.95,83.41,5.41,0.19,0.00,0.00,62.76
2025/08/07T03:44:16z,48:3f:da:2a:ee:34,7.04,3.0+OPENLOG+31954 MB+RV3028+BME68X+PMSX003-A+PMSX003-B,74,54,56,1005.58,0.00,8736,-51,1497897,0.53,1.08,1.41,0.53,1.08,1.41,5,5,270.92,69.92,6.86,1.32,0.66,0.00,0.96,1.23,1.32,0.96,1.23,1.32,5,5,317.11,88.39,7.56,0.35,0.18,0.18,73.87
2025/08/07T03:46:16z,48:3f:da:2a:ee:34,7.04,3.0+OPENLOG+31954 MB+RV3028+BME68X+PMSX003-A+PMSX003-B,74,54,56,1005.57,0.00,8736,-50,1498017,0.31,0.70,0.70,0.31,0.70,0.70,3,3,241.83,66.06,3.89,0.56,0.00,0.00,1.05,1.47,1.60,1.05,1.47,1.60,6,6,328.30,94.93,6.62,0.58,0.23,0.23,65.54
2025/08/07T03:48:16z,48:3f:da:2a:ee:34,7.04,3.0+OPENLOG+31954 MB+RV3028+BME68X+PMSX003-A+PMSX003-B,74,54,56,1005.55,0.00,8904,-51,1498137,0.05,0.50,0.50,0.05,0.50,0.50,2,2,220.34,53.69,6.52,0.00,0.00,0.00,0.68,1.05,1.39,0.68,1.05,1.39,4,4,305.64,88.63,9.02,0.75,0.46,0.25,63.31
2025/08/07T03:50:16z,48:3f:da:2a:ee:34,7.04,3.0+OPENLOG+31954 MB+RV3028+BME68X+PMSX003-A+PMSX003-B,74,54,56,1005.55,0.00,9160,-50,1498257,0.53,1.09,1.55,0.53,1.09,1.55,5,5,279.16,72.62,10.14,1.86,0.57,0.57,1.00,1.20,1.29,1.00,1.20,1.29,5,5,316.42,91.36,7.55,0.18,0.18,0.18,63.70
2025/08/07T03:52:16z,48:3f:da:2a:ee:34,7.04,3.0+OPENLOG+31954 MB+RV3028+BME68X+PMSX003-A+PMSX003-B,73,55,56,1005.61,0.00,9160,-51,1498377,0.53,0.88,1.45,0.53,0.88,1.45,4,4,260.38,72.26,9.93,1.24,0.72,0.00,0.74,0.79,0.86,0.74,0.79,0.86,3,3,286.71,76.83,4.47,0.47,0.22,0.07,64.46
2025/08/07T03:54:16z,48:3f:da:2a:ee:34,7.04,3.0+OPENLOG+31954 MB+RV3028+BME68X+PMSX003-A+PMSX003-B,73,55,56,1005.60,0.00,8904,-51,1498497,0.73,1.16,1.25,0.73,1.16,1.25,5,5,293.07,76.25,10.75,0.27,0.00,0.00,0.95,1.32,1.40,0.95,1.32,1.40,5,5,321.45,93.20,5.80,0.08,0.08,0.00,63.21
2025/08/07T03:56:16z,48:3f:da:2a:ee:34,7.04,3.0+OPENLOG+31954 MB+RV3028+BME68X+PMSX003-A+PMSX003-B,73,55,56,1005.60,0.00,8904,-51,1498617,0.35,0.53,1.93,0.35,0.53,1.93,2,2,262.26,73.16,10.00,2.21,2.21,1.32,0.66,0.81,0.81,0.66,0.81,0.81,3,3,310.63,89.88,6.32,0.00,0.00,0.00,62.56
2025/08/07T03:58:16z,48:3f:da:2a:ee:34,7.04,3.0+OPENLOG+31954 MB+RV3028+BME68X+PMSX003-A+PMSX003-B,74,55,57,1005.61,0.00,8904,-52,1498737,0.20,0.86,2.02,0.20,0.86,2.02,4,4,217.22,57.97,10.22,1.88,1.88,0.66,0.61,0.73,0.81,0.59,0.73,0.81,3,3,266.95,75.25,7.64,0.25,0.25,0.00,63.24
2025/08/07T04:00:16z,48:3f:da:2a:ee:34,7.04,3.0+OPENLOG+31954 MB+RV3028+BME68X+PMSX003-A+PMSX003-B,74,55,57,1005.66,0.00,9160,-51,1498857,0.62,0.84,2.45,0.62,0.84,2.45,4,4,266.43,71.74,8.12,3.16,2.22,0.52,0.81,0.86,1.56,0.81,0.86,1.56,4,4,310.95,85.95,8.14,0.70,0.70,0.47,62.60
2025/08/07T04:02:16z,48:3f:da:2a:ee:34,7.04,3.0+OPENLOG+31954 MB+RV3028+BME68X+PMSX003-A+PMSX003-B,73,55,56,1005.70,0.00,9160,-50,1498977,0.34,0.80,1.55,0.34,0.80,1.55,3,3,258.75,65.84,6.00,1.98,1.45,0.27,0.68,0.86,1.32,0.68,0.86,1.32,4,4,340.42,91.49,10.39,0.63,0.63,0.42,64.36
2025/08/07T04:04:16z,48:3f:da:2a:ee:34,7.04,3.0+OPENLOG+31954 MB+RV3028+BME68X+PMSX003-A+PMSX003-B,73,55,56,1005.75,0.00,9160,-52,1499097,0.50,0.82,1.89,0.50,0.82,1.89,3,3,272.25,70.50,7.07,1.45,1.45,1.45,1.08,1.33,1.67,1.08,1.33,1.67,6,6,324.80,92.67,9.63,0.93,0.52,0.52,65.11
2025/08/07T04:06:16z,48:3f:da:2a:ee:34,7.04,3.0+OPENLOG+31954 MB+RV3028+BME68X+PMSX003-A+PMSX003-B,72,56,55,1005.81,0.00,9160,-48,1499217,0.59,0.73,0.73,0.59,0.73,0.73,3,3,263.44,67.98,7.93,0.00,0.00,0.00,0.97,1.05,1.79,0.97,1.05,1.79,4,4,322.34,87.10,8.10,0.79,0.79,0.36,68.20
2025/08/07T04:08:16z,48:3f:da:2a:ee:34,7.04,3.0+OPENLOG+31954 MB+RV3028+BME68X+PMSX003-A+PMSX003-B,73,56,56,1005.80,0.00,8904,-52,1499337,0.63,0.92,1.55,0.63,0.92,1.55,4,4,284.85,71.65,7.95,1.20,1.20,0.00,0.75,0.79,1.18,0.75,0.79,1.18,3,3,298.53,83.72,6.46,0.70,0.44,0.21,64.95
2025/08/07T04:10:16z,48:3f:da:2a:ee:34,7.04,3.0+OPENLOG+31954 MB+RV3028+BME68X+PMSX003-A+PMSX003-B,73,57,57,1005.83,0.00,8904,-51,1499457,0.31,0.53,0.53,0.31,0.53,0.53,2,2,248.59,68.43,8.64,0.52,0.00,0.00,0.72,1.10,1.28,0.72,1.10,1.28,5,5,327.47,93.22,8.81,0.40,0.24,0.00,65.97
2025/08/07T04:12:16z,48:3f:da:2a:ee:34,7.04,3.0+OPENLOG+31954 MB+RV3028+BME68X+PMSX003-A+PMSX003-B,73,57,56,1005.89,0.00,9160,-51,1499577,0.71,1.21,1.21,0.71,1.21,1.21,5,5,281.73,77.41,7.66,0.80,0.00,0.00,0.78,1.03,1.41,0.78,1.03,1.41,4,4,324.97,88.95,6.98,0.58,0.58,0.37,66.37
2025/08/07T04:14:16z,48:3f:da:2a:ee:34,7.04,3.0+OPENLOG+31954 MB+RV3028+BME68X+PMSX003-A+PMSX003-B,73,56,56,1005.86,0.00,8904,-51,1499697,0.93,1.47,2.26,0.93,1.47,2.26,6,6,320.12,88.76,10.81,2.22,1.19,1.19,0.98,1.26,1.83,0.98,1.26,1.83,5,5,344.64,95.41,9.21,0.90,0.69,0.45,76.35
2025/08/07T04:16:16z,48:3f:da:2a:ee:34,7.04,3.0+OPENLOG+31954 MB+RV3028+BME68X+PMSX003-A+PMSX003-B,73,56,56,1005.89,0.00,8904,-51,1499817,1.32,1.98,2.29,1.32,1.98,2.29,8,8,443.03,127.93,14.34,1.47,0.20,0.20,1.86,2.23,2.30,1.86,2.23,2.30,9,9,487.12,140.38,10.30,0.36,0.25,0.00,74.82
2025/08/07T04:18:16z,48:3f:da:2a:ee:34,7.04,3.0+OPENLOG+31954 MB+RV3028+BME68X+PMSX003-A+PMSX003-B,74,56,57,1005.91,0.00,8904,-49,1499937,0.78,1.53,1.90,0.78,1.53,1.90,6,6,316.68,80.75,13.27,1.22,0.51,0.51,0.32,0.93,0.93,0.32,0.93,0.93,4,4,382.00,109.44,10.16,0.98,0.00,0.00,68.99
2025/08/07T04:20:16z,48:3f:da:2a:ee:34,7.04,3.0+OPENLOG+31954 MB+RV3028+BME68X+PMSX003-A+PMSX003-B,74,56,57,1005.93,0.00,8904,-51,1500057,1.12,1.66,2.16,1.12,1.66,2.16,7,7,324.80,92.41,12.16,1.55,0.75,0.00,0.53,1.22,1.46,0.53,1.22,1.46,5,5,349.98,104.71,10.58,0.68,0.44,0.24,64.48
2025/08/07T04:22:16z,48:3f:da:2a:ee:34,7.04,3.0+OPENLOG+31954 MB+RV3028+BME68X+PMSX003-A+PMSX003-B,72,56,55,1005.98,0.00,8904,-50,1500177,0.81,1.07,1.07,0.81,1.07,1.07,4,4,318.79,84.89,9.74,1.26,0.00,0.00,0.95,1.66,1.80,0.95,1.66,1.80,7,7,378.41,107.15,11.78,0.54,0.17,0.17,62.23
2025/08/07T04:24:16z,48:3f:da:2a:ee:34,7.04,3.0+OPENLOG+31954 MB+RV3028+BME68X+PMSX003-A+PMSX003-B,73,57,56,1006.02,0.00,9160,-53,1500297,0.68,1.23,1.55,0.68,1.23,1.55,5,5,289.35,83.30,11.65,1.05,0.55,0.00,1.58,1.98,2.15,1.58,1.98,2.15,8,8,388.25,110.02,12.60,1.09,0.25,0.25,62.43
2025/08/07T04:26:16z,48:3f:da:2a:ee:34,7.04,3.0+OPENLOG+31954 MB+RV3028+BME68X+PMSX003-A+PMSX003-B,72,57,56,1006.06,0.00,8904,-51,1500417,0.71,1.51,1.51,0.71,1.51,1.51,6,6,305.39,81.31,11.34,0.92,0.00,0.00,1.00,1.28,1.46,1.00,1.28,1.46,5,5,330.16,90.95,9.05,0.72,0.30,0.21,64.57
2025/08/07T04:28:16z,48:3f:da:2a:ee:34,7.04,3.0+OPENLOG+31954 MB+RV3028+BME68X+PMSX003-A+PMSX003-B,72,57,56,1006.08,0.00,9160,-49,1500537,0.67,1.40,1.70,0.67,1.40,1.70,6,6,293.05,78.00,10.21,2.68,0.58,0.00,0.78,0.95,1.05,0.78,0.95,1.05,4,4,344.19,94.10,7.00,0.19,0.19,0.00,63.12
2025/08/07T04:30:16z,48:3f:da:2a:ee:34,7.04,3.0+OPENLOG+31954 MB+RV3028+BME68X+PMSX003-A+PMSX003-B,72,57,56,1006.13,0.00,8904,-50,1500657,0.70,1.07,1.07,0.70,1.07,1.07,4,4,328.58,95.32,10.26,0.00,0.00,0.00,1.00,1.08,1.40,1.00,1.08,1.40,5,5,320.85,91.48,9.38,0.63,0.42,0.00,63.02
2025/08/07T04:32:16z,48:3f:da:2a:ee:34,7.04,3.0+OPENLOG+31954 MB+RV3028+BME68X+PMSX003-A+PMSX003-B,72,58,56,1006.10,0.00,9160,-53,1500777,0.66,1.71,3.47,0.66,1.71,3.47,7,7,329.64,85.83,15.51,4.93,2.44,1.93,1.07,1.37,1.46,1.07,1.37,1.46,6,6,330.47,97.26,9.44,0.61,0.18,0.18,75.70
2025/08/07T04:34:16z,48:3f:da:2a:ee:34,7.04,3.0+OPENLOG+31954 MB+RV3028+BME68X+PMSX003-A+PMSX003-B,72,58,56,1006.12,0.00,9160,-51,1500897,0.42,0.88,1.35,0.42,0.88,1.35,4,4,299.40,77.95,7.55,0.65,0.65,0.65,0.80,0.96,1.02,0.80,0.96,1.02,4,4,358.77,98.34,5.61,0.21,0.05,0.05,71.89
2025/08/07T04:36:16z,48:3f:da:2a:ee:34,7.04,3.0+OPENLOG+31954 MB+RV3028+BME68X+PMSX003-A+PMSX003-B,71,58,55,1006.15,0.00,8904,-50,1501017,0.55,1.66,3.12,0.55,1.66,3.12,7,7,344.41,79.39,15.64,3.91,2.04,1.45,0.78,1.15,1.52,0.78,1.15,1.52,5,5,337.30,97.33,8.75,0.53,0.53,0.53,71.12
2025/08/07T04:38:16z,48:3f:da:2a:ee:34,7.04,3.0+OPENLOG+31954 MB+RV3028+BME68X+PMSX003-A+PMSX003-B,72,58,56,1006.15,0.00,8904,-51,1501137,0.82,1.65,2.00,0.82,1.65,2.00,7,7,394.11,96.42,17.21,1.58,0.79,0.00,0.67,1.31,1.57,0.67,1.31,1.57,5,5,358.76,99.90,10.14,0.86,0.34,0.28,67.04
2025/08/07T04:40:16z,48:3f:da:2a:ee:34,7.04,3.0+OPENLOG+31954 MB+RV3028+BME68X+PMSX003-A+PMSX003-B,72,58,56,1006.13,0.00,8904,-50,1501257,0.39,1.15,1.15,0.39,1.15,1.15,5,5,342.15,74.75,8.69,0.66,0.00,0.00,1.00,1.28,1.44,1.00,1.28,1.44,5,5,344.16,96.46,10.67,0.18,0.18,0.00,63.58
2025/08/07T04:42:16z,48:3f:da:2a:ee:34,7.04,3.0+OPENLOG+31954 MB+RV3028+BME68X+PMSX003-A+PMSX003-B,71,59,56,1006.15,0.00,9160,-51,1501377,0.83,1.14,1.14,0.83,1.14,1.14,5,5,278.64,78.41,5.08,0.00,0.00,0.00,0.96,1.75,1.86,0.96,1.75,1.86,7,7,370.68,106.19,11.67,0.40,0.19,0.09,63.17
2025/08/07T04:44:16z,48:3f:da:2a:ee:34,7.04,3.0+OPENLOG+31954 MB+RV3028+BME68X+PMSX003-A+PMSX003-B,72,59,57,1006.10,0.00,8736,-49,1501497,0.74,1.14,2.04,0.74,1.14,2.04,5,5,360.11,92.89,12.47,1.42,1.42,0.00,1.10,1.64,2.00,1.10,1.64,2.00,7,7,359.48,105.95,9.60,0.57,0.57,0.31,62.62
2025/08/07T04:46:16z,48:3f:da:2a:ee:34,7.04,3.0+OPENLOG+31954 MB+RV3028+BME68X+PMSX003-A+PMSX003-B,72,59,57,1006.08,0.00,8736,-51,1501617,0.68,0.92,1.59,0.68,0.92,1.59,4,4,354.36,83.14,7.98,0.71,0.71,0.71,1.11,1.73,2.16,1.11,1.73,2.16,7,7,403.15,114.69,10.36,1.42,0.67,0.44,61.45
2025/08/07T04:48:16z,48:3f:da:2a:ee:34,7.04,3.0+OPENLOG+31954 MB+RV3028+BME68X+PMSX003-A+PMSX003-B,72,59,57,1006.06,0.00,8904,-48,1501737,1.38,2.09,4.07,1.38,2.09,4.07,9,9,484.66,117.41,18.93,2.53,2.53,2.53,1.17,1.34,1.64,1.17,1.34,1.64,6,6,392.22,109.95,9.79,0.52,0.48,0.22,60.86
2025/08/07T04:50:16z,48:3f:da:2a:ee:34,7.04,3.0+OPENLOG+31954 MB+RV3028+BME68X+PMSX003-A+PMSX003-B,72,59,57,1006.08,0.00,8904,-54,1501857,1.98,3.55,4.07,1.98,3.55,4.07,15,15,518.09,144.32,25.55,1.98,0.70,0.70,2.56,3.49,3.64,2.56,3.49,3.64,15,15,573.10,168.03,21.61,1.63,0.19,0.00,61.21
2025/08/07T04:52:16z,48:3f:da:2a:ee:34,7.04,3.0+OPENLOG+31954 MB+RV3028+BME68X+PMSX003-A+PMSX003-B,72,59,56,1006.11,0.00,9160,-51,1501977,2.98,4.34,5.31,2.98,4.34,5.31,18,18,1065.05,209.50,21.52,3.52,1.34,0.72,3.76,4.68,5.80,3.76,4.68,5.80,19,19,763.98,220.68,24.54,2.61,1.53,0.98,62.78
2025/08/07T04:54:16z,48:3f:da:2a:ee:34,7.04,3.0+OPENLOG+31954 MB+RV3028+BME68X+PMSX003-A+PMSX003-B,71,59,56,1006.18,0.00,8904,-53,1502097,2.12,3.47,5.41,2.12,3.47,5.41,14,14,713.39,159.29,23.85,5.19,2.69,1.22,2.68,3.20,3.52,2.68,3.20,3.52,13,13,654.80,186.21,18.27,0.70,0.34,0.25,62.43
2025/08/07T04:56:16z,48:3f:da:2a:ee:34,7.04,3.0+OPENLOG+31954 MB+RV3028+BME68X+PMSX003-A+PMSX003-B,71,59,56,1006.19,0.00,9160,-52,1502217,1.97,3.78,4.58,1.97,3.78,4.58,16,16,569.39,152.64,27.86,3.00,0.56,0.56,2.74,3.22,3.33,2.74,3.22,3.33,13,13,603.72,174.76,14.40,0.50,0.21,0.00,65.61
2025/08/07T04:58:16z,48:3f:da:2a:ee:34,7.04,3.0+OPENLOG+31954 MB+RV3028+BME68X+PMSX003-A+PMSX003-B,72,60,57,1006.19,0.00,8904,-51,1502337,3.05,4.07,5.57,3.05,4.07,5.57,17,17,683.20,192.77,27.80,2.79,2.25,0.00,3.92,5.32,5.68,3.92,5.32,5.68,22,22,823.02,233.32,34.07,1.78,0.49,0.25,65.61
2025/08/07T05:00:16z,48:3f:da:2a:ee:34,7.04,3.0+OPENLOG+31954 MB+RV3028+BME68X+PMSX003-A+PMSX003-B,72,60,57,1006.21,0.00,8904,-50,1502457,2.50,4.29,6.03,2.50,4.29,6.03,18,18,753.72,196.57,36.05,3.21,2.59,1.29,4.12,5.18,5.90,4.12,5.18,5.90,22,22,836.80,238.75,24.25,1.87,0.78,0.78,63.70
2025/08/07T05:02:16z,48:3f:da:2a:ee:34,7.04,3.0+OPENLOG+31954 MB+RV3028+BME68X+PMSX003-A+PMSX003-B,72,60,57,1006.23,0.00,8904,-50,1502577,2.25,2.90,4.53,2.25,2.90,4.53,12,12,674.10,158.45,20.30,3.15,2.60,0.75,3.61,4.57,5.12,3.61,4.57,5.12,19,19,779.52,225.82,22.59,1.30,0.70,0.45,62.28
2025/08/07T05:04:16z,48:3f:da:2a:ee:34,7.04,3.0+OPENLOG+31954 MB+RV3028+BME68X+PMSX003-A+PMSX003-B,72,60,57,1006.24,0.00,9160,-51,1502697,1.93,2.69,4.57,1.93,2.69,4.57,11,11,630.93,147.43,19.97,3.41,3.10,0.26,2.57,3.27,4.11,2.57,3.27,4.11,14,14,571.98,162.12,18.32,1.98,0.89,0.89,62.19
2025/08/07T05:06:16z,48:3f:da:2a:ee:34,7.04,3.0+OPENLOG+31954 MB+RV3028+BME68X+PMSX003-A+PMSX003-B,72,60,57,1006.27,0.00,8904,-53,1502817,1.53,2.61,3.93,1.53,2.61,3.93,11,11,478.05,128.63,20.00,3.32,2.32,0.32,2.82,2.97,3.38,2.82,2.97,3.38,12,12,559.40,165.07,15.03,0.75,0.75,0.25,61.10
2025/08/07T05:08:16z,48:3f:da:2a:ee:34,7.04,3.0+OPENLOG+31954 MB+RV3028+BME68X+PMSX003-A+PMSX003-B,71,60,56,1006.32,0.00,9160,-50,1502937,1.21,1.98,3.84,1.21,1.98,3.84,8,8,387.00,106.79,15.11,4.47,2.95,0.00,1.55,1.95,2.14,1.55,1.95,2.14,8,8,475.45,136.31,13.02,0.57,0.33,0.24,60.80
2025/08/07T05:10:16z,48:3f:da:2a:ee:34,7.04,3.0+OPENLOG+31954 MB+RV3028+BME68X+PMSX003-A+PMSX003-B,71,61,57,1006.35,0.00,8904,-53,1503057,1.44,2.34,3.42,1.44,2.34,3.42,10,10,427.58,120.20,20.19,1.93,1.27,1.27,2.00,2.86,3.42,2.00,2.86,3.42,12,12,576.11,162.96,18.67,1.21,0.84,0.53,60.76
2025/08/07T05:12:16z,48:3f:da:2a:ee:34,7.04,3.0+OPENLOG+31954 MB+RV3028+BME68X+PMSX003-A+PMSX003-B,71,61,57,1006.33,0.00,9160,-53,1503177,1.61,2.24,2.51,1.61,2.24,2.51,9,9,434.14,115.07,13.12,1.68,0.51,0.00,2.05,3.00,3.56,2.05,3.00,3.56,13,13,555.87,159.33,17.27,1.65,0.89,0.49,60.81
2025/08/07T05:14:16z,48:3f:da:2a:ee:34,7.04,3.0+OPENLOG+31954 MB+RV3028+BME68X+PMSX003-A+PMSX003-B,71,61,57,1006.35,0.00,8904,-50,1503297,1.90,2.76,3.45,1.90,2.76,3.45,11,11,966.93,163.48,17.95,1.14,1.14,0.57,2.29,3.17,3.44,2.29,3.17,3.44,13,13,600.41,169.03,17.93,1.00,0.27,0.27,60.37
2025/08/07T05:16:16z,48:3f:da:2a:ee:34,7.04,3.0+OPENLOG+31954 MB+RV3028+BME68X+PMSX003-A+PMSX003-B,72,61,58,1006.32,0.00,8904,-52,1503417,1.45,2.44,3.13,1.45,2.44,3.13,10,10,517.96,119.13,16.85,2.29,0.93,0.93,2.39,3.12,3.47,2.39,3.12,3.47,13,13,570.46,160.64,19.02,1.07,0.46,0.36,61.52
2025/08/07T05:18:16z,48:3f:da:2a:ee:34,7.04,3.0+OPENLOG+31954 MB+RV3028+BME68X+PMSX003-A+PMSX003-B,72,61,57,1006.34,0.00,8904,-50,1503537,1.17,2.48,4.62,1.17,2.48,4.62,10,10,575.53,131.21,20.90,4.29,2.74,2.74,2.36,2.83,3.14,2.36,2.83,3.14,12,12,552.36,154.51,17.51,0.68,0.36,0.27,60.31
2025/08/07T05:20:16z,48:3f:da:2a:ee:34,7.04,3.0+OPENLOG+31954 MB+RV3028+BME68X+PMSX003-A+PMSX003-B,72,61,57,1006.37,0.00,9160,-49,1503657,2.37,3.90,5.29,2.37,3.90,5.29,16,16,820.63,175.15,24.05,4.47,1.47,1.47,2.63,3.28,3.77,2.63,3.28,3.77,14,14,609.74,178.32,19.54,1.28,0.56,0.30,71.40
2025/08/07T05:22:16z,48:3f:da:2a:ee:34,7.04,3.0+OPENLOG+31954 MB+RV3028+BME68X+PMSX003-A+PMSX003-B,72,61,57,1006.36,0.00,9160,-53,1503777,1.28,1.98,2.57,1.28,1.98,2.57,8,8,577.00,125.68,13.05,0.95,0.70,0.70,1.88,2.41,2.83,1.88,2.41,2.83,10,10,551.38,153.69,11.40,1.00,0.57,0.17,82.34
2025/08/07T05:24:16z,48:3f:da:2a:ee:34,7.04,3.0+OPENLOG+31954 MB+RV3028+BME68X+PMSX003-A+PMSX003-B,71,62,57,1006.39,0.00,8904,-53,1503897,2.85,4.09,5.55,2.85,4.09,5.55,17,17,707.95,178.71,29.07,4.42,2.02,1.36,4.38,5.33,5.33,4.38,5.33,5.33,22,22,917.38,262.22,23.28,0.52,0.00,0.00,63.26
2025/08/07T05:26:16z,48:3f:da:2a:ee:34,7.04,3.0+OPENLOG+31954 MB+RV3028+BME68X+PMSX003-A+PMSX003-B,71,62,57,1006.42,0.00,9160,-50,1504017,3.77,4.98,5.88,3.77,4.98,5.88,21,21,779.53,222.25,23.84,4.11,1.00,1.00,4.72,5.93,6.79,4.72,5.93,6.79,25,25,942.57,271.97,28.93,2.29,1.26,0.83,60.55
2025/08/07T05:28:16z,48:3f:da:2a:ee:34,7.04,3.0+OPENLOG+31954 MB+RV3028+BME68X+PMSX003-A+PMSX003-B,71,63,57,1006.42,0.00,8904,-55,1504137,2.50,3.75,4.77,2.50,3.75,4.77,16,16,614.80,181.08,25.40,3.00,1.85,0.10,3.18,4.11,4.29,3.18,4.11,4.29,17,17,741.70,209.07,21.04,1.62,0.18,0.18,57.07
2025/08/07T05:30:16z,48:3f:da:2a:ee:34,7.04,3.0+OPENLOG+31954 MB+RV3028+BME68X+PMSX003-A+PMSX003-B,71,63,57,1006.37,0.00,8904,-53,1504257,1.79,2.64,4.07,1.79,2.64,4.07,11,11,614.64,136.86,18.47,2.59,1.97,1.29,2.47,3.10,3.38,2.47,3.10,3.38,13,13,583.60,161.03,15.50,0.90,0.38,0.17,56.37
2025/08/07T05:32:16z,48:3f:da:2a:ee:34,7.04,3.0+OPENLOG+31954 MB+RV3028+BME68X+PMSX003-A+PMSX003-B,71,63,57,1006.37,0.00,8904,-51,1504377,0.79,1.35,2.12,0.79,1.35,2.12,6,6,398.53,103.63,12.26,1.74,1.21,0.68,1.68,2.13,2.20,1.68,2.13,2.20,9,9,466.35,127.90,11.80,0.53,0.02,0.02,55.37
2025/08/07T05:34:16z,48:3f:da:2a:ee:34,7.04,3.0+OPENLOG+31954 MB+RV3028+BME68X+PMSX003-A+PMSX003-B,71,63,58,1006.37,0.00,8904,-53,1504497,1.25,1.65,2.19,1.25,1.65,2.19,7,7,578.74,116.26,15.21,0.68,0.68,0.68,1.63,2.07,2.58,1.63,2.07,2.58,9,9,442.55,125.05,12.05,0.68,0.68,0.43,54.76
2025/08/07T05:36:16z,48:3f:da:2a:ee:34,7.04,3.0+OPENLOG+31954 MB+RV3028+BME68X+PMSX003-A+PMSX003-B,71,63,58,1006.37,0.00,8904,-52,1504617,1.05,2.09,3.16,1.05,2.09,3.16,9,9,427.34,106.66,20.12,2.53,1.76,0.62,2.00,2.39,2.55,2.00,2.39,2.55,10,10,528.05,147.38,13.89,0.21,0.21,0.21,55.08
2025/08/07T05:38:16z,48:3f:da:2a:ee:34,7.04,3.0+OPENLOG+31954 MB+RV3028+BME68X+PMSX003-A+PMSX003-B,71,64,58,1006.37,0.00,8904,-53,1504737,0.81,1.19,1.32,0.81,1.19,1.32,5,5,327.51,80.24,6.41,0.81,0.25,0.00,1.61,2.21,2.84,1.61,2.21,2.84,9,9,416.68,122.82,17.16,1.00,0.80,0.80,55.28
2025/08/07T05:40:16z,48:3f:da:2a:ee:34,7.04,3.0+OPENLOG+31954 MB+RV3028+BME68X+PMSX003-A+PMSX003-B,71,64,58,1006.41,0.00,9160,-50,1504857,0.98,1.74,2.79,0.98,1.74,2.79,7,7,343.42,94.26,13.21,2.05,1.37,1.37,1.63,2.12,2.36,1.63,2.12,2.36,9,9,421.07,123.86,10.24,0.53,0.32,0.32,55.67
2025/08/07T05:42:16z,48:3f:da:2a:ee:34,7.04,3.0+OPENLOG+31954 MB+RV3028+BME68X+PMSX003-A+PMSX003-B,71,63,58,1006.43,0.00,9160,-51,1504977,0.50,0.98,2.96,0.50,0.98,2.96,4,4,332.52,82.82,13.77,3.70,3.11,1.07,1.24,2.00,2.74,1.24,2.00,2.74,8,8,432.41,122.83,16.36,1.71,0.91,0.53,56.64
2025/08/07T05:44:17z,48:3f:da:2a:ee:34,7.04,3.0+OPENLOG+31954 MB+RV3028+BME68X+PMSX003-A+PMSX003-B,71,64,58,1006.48,0.00,8736,-50,1505098,0.98,1.80,5.71,0.98,1.80,5.71,7,7,427.83,108.10,19.07,5.39,4.98,4.98,1.70,2.19,2.96,1.70,2.19,2.96,9,9,459.42,130.05,12.11,1.95,1.16,0.51,56.66
2025/08/07T05:46:17z,48:3f:da:2a:ee:34,7.04,3.0+OPENLOG+31954 MB+RV3028+BME68X+PMSX003-A+PMSX003-B,71,64,58,1006.49,0.00,8736,-50,1505218,1.11,1.87,2.78,1.11,1.87,2.78,8,8,446.17,114.44,10.17,2.67,1.33,0.61,1.76,2.47,2.92,1.76,2.47,2.92,10,10,458.29,133.19,14.02,0.86,0.54,0.54,56.38
2025/08/07T05:48:17z,48:3f:da:2a:ee:34,7.04,3.0+OPENLOG+31954 MB+RV3028+BME68X+PMSX003-A+PMSX003-B,71,64,58,1006.42,0.00,9160,-50,1505338,0.54,1.02,1.92,0.54,1.02,1.92,4,4,298.98,78.76,9.66,1.32,1.32,0.76,1.28,1.83,2.43,1.28,1.83,2.43,8,8,424.45,122.59,13.90,1.09,1.05,0.59,56.58
2025/08/07T05:50:17z,48:3f:da:2a:ee:34,7.04,3.0+OPENLOG+31954 MB+RV3028+BME68X+PMSX003-A+PMSX003-B,71,64,58,1006.44,0.00,8904,-48,1505458,1.25,1.68,3.98,1.25,1.68,3.98,7,7,389.35,101.05,15.60,3.90,3.10,1.85,1.16,1.58,2.02,1.16,1.58,2.02,7,7,381.22,106.20,10.36,1.04,0.67,0.42,56.40
2025/08/07T05:52:17z,48:3f:da:2a:ee:34,7.04,3.0+OPENLOG+31954 MB+RV3028+BME68X+PMSX003-A+PMSX003-B,71,64,58,1006.50,0.00,8904,-49,1505578,0.47,1.09,2.24,0.47,1.09,2.24,5,5,311.28,84.10,12.88,2.84,1.91,0.62,1.17,1.67,1.91,1.17,1.67,1.91,7,7,383.07,105.81,10.09,0.66,0.45,0.24,56.06
2025/08/07T05:54:17z,48:3f:da:2a:ee:34,7.04,3.0+OPENLOG+31954 MB+RV3028+BME68X+PMSX003-A+PMSX003-B,70,65,57,1006.51,0.00,9160,-49,1505698,0.89,1.51,1.51,0.89,1.51,1.51,6,6,308.78,83.95,7.91,2.18,0.00,0.00,1.43,1.91,2.50,1.43,1.91,2.50,8,8,397.97,115.10,12.22,1.64,1.16,0.91,58.61
2025/08/07T05:56:17z,48:3f:da:2a:ee:34,7.04,3.0+OPENLOG+31954 MB+RV3028+BME68X+PMSX003-A+PMSX003-B,70,65,57,1006.50,0.00,9160,-54,1505818,0.63,1.77,2.05,0.63,1.77,2.05,7,7,310.42,79.79,16.37,1.74,0.53,0.00,1.57,1.79,2.00,1.57,1.79,2.00,7,7,404.22,114.17,11.47,0.66,0.21,0.21,58.04
2025/08/07T05:58:17z,48:3f:da:2a:ee:34,7.04,3.0+OPENLOG+31954 MB+RV3028+BME68X+PMSX003-A+PMSX003-B,70,65,57,1006.50,0.00,9160,-51,1505938,0.90,1.49,1.98,0.90,1.49,1.98,6,6,297.31,90.10,16.17,0.71,0.66,0.66,0.65,0.84,1.09,0.65,0.84,1.09,4,4,362.00,101.65,7.47,0.46,0.25,0.25,58.27
2025/08/07T06:00:17z,48:3f:da:2a:ee:34,7.04,3.0+OPENLOG+31954 MB+RV3028+BME68X+PMSX003-A+PMSX003-B,70,65,57,1006.46,0.00,8904,-52,1506058,1.00,1.68,2.27,1.00,1.68,2.27,7,7,394.47,103.17,12.56,2.03,0.76,0.76,1.66,1.97,2.40,1.66,1.97,2.40,8,8,433.91,123.64,10.28,0.93,0.43,0.26,58.92
2025/08/07T06:02:17z,48:3f:da:2a:ee:34,7.04,3.0+OPENLOG+31954 MB+RV3028+BME68X+PMSX003-A+PMSX003-B,70,65,57,1006.47,0.00,8904,-52,1506178,0.84,1.37,2.16,0.84,1.37,2.16,6,6,320.84,88.58,7.84,2.32,1.21,0.42,1.86,2.20,2.63,1.86,2.20,2.63,9,9,489.51,138.83,12.66,0.97,0.54,0.36,59.69
2025/08/07T06:04:17z,48:3f:da:2a:ee:34,7.04,3.0+OPENLOG+31954 MB+RV3028+BME68X+PMSX003-A+PMSX003-B,71,65,58,1006.42,0.00,8904,-51,1506298,1.05,1.53,1.64,1.05,1.53,1.64,6,6,355.97,92.02,11.74,0.16,0.16,0.16,1.32,1.95,2.44,1.32,1.95,2.44,8,8,400.47,114.10,13.47,0.49,0.49,0.49,60.56
2025/08/07T06:06:17z,48:3f:da:2a:ee:34,7.04,3.0+OPENLOG+31954 MB+RV3028+BME68X+PMSX003-A+PMSX003-B,70,65,57,1006.42,0.00,8904,-52,1506418,0.83,1.43,2.81,0.83,1.43,2.81,6,6,340.60,91.81,14.79,3.00,1.97,0.72,1.21,1.60,1.98,1.21,1.60,1.98,7,7,394.84,110.11,9.04,0.46,0.46,0.46,58.99
2025/08/07T06:08:17z,48:3f:da:2a:ee:34,7.04,3.0+OPENLOG+31954 MB+RV3028+BME68X+PMSX003-A+PMSX003-B,70,65,58,1006.35,0.00,9160,-51,1506538,1.17,1.85,3.25,1.17,1.85,3.25,8,8,394.17,111.31,12.92,2.69,1.68,1.02,0.68,0.98,1.36,0.68,0.98,1.36,4,4,351.80,100.88,8.48,0.64,0.54,0.54,59.63
2025/08/07T06:10:17z,48:3f:da:2a:ee:34,7.04,3.0+OPENLOG+31954 MB+RV3028+BME68X+PMSX003-A+PMSX003-B,70,65,58,1006.42,0.00,8904,-51,1506658,0.73,1.16,1.68,0.73,1.16,1.68,5,5,283.02,81.54,10.61,1.29,0.64,0.64,1.10,1.39,1.73,1.10,1.39,1.73,6,6,351.76,97.14,11.20,0.92,0.42,0.42,59.81
2025/08/07T06:12:17z,48:3f:da:2a:ee:34,7.04,3.0+OPENLOG+31954 MB+RV3028+BME68X+PMSX003-A+PMSX003-B,70,65,57,1006.42,0.00,9160,-51,1506778,0.91,1.60,2.68,0.91,1.60,2.68,7,7,372.79,93.84,13.84,2.68,1.37,0.63,1.46,1.92,1.92,1.46,1.92,1.92,8,8,380.19,109.58,11.90,0.42,0.00,0.00,60.22
2025/08/07T06:14:17z,48:3f:da:2a:ee:34,7.04,3.0+OPENLOG+31954 MB+RV3028+BME68X+PMSX003-A+PMSX003-B,70,65,57,1006.42,0.00,8904,-51,1506898,0.63,1.43,1.87,0.63,1.43,1.87,6,6,346.95,90.80,15.75,1.90,0.65,0.65,0.93,1.19,1.56,0.93,1.19,1.56,5,5,354.68,100.60,10.05,0.60,0.60,0.42,58.85
2025/08/07T06:16:17z,48:3f:da:2a:ee:34,7.04,3.0+OPENLOG+31954 MB+RV3028+BME68X+PMSX003-A+PMSX003-B,70,65,57,1006.45,0.00,8904,-52,1507018,0.55,0.82,1.38,0.55,0.82,1.38,3,3,274.45,78.05,7.55,1.70,1.45,0.00,1.27,1.91,2.04,1.27,1.91,2.04,8,8,372.27,106.55,7.05,0.96,0.53,0.20,59.32
2025/08/07T06:18:17z,48:3f:da:2a:ee:34,7.04,3.0+OPENLOG+31954 MB+RV3028+BME68X+PMSX003-A+PMSX003-B,70,65,58,1006.44,0.00,8904,-50,1507138,1.09,2.00,2.51,1.09,2.00,2.51,8,8,365.37,102.32,15.63,1.68,0.63,0.63,1.17,1.24,1.41,1.17,1.24,1.41,5,5,354.72,96.50,4.36,0.34,0.31,0.22,59.05
2025/08/07T06:20:17z,48:3f:da:2a:ee:34,7.04,3.0+OPENLOG+31954 MB+RV3028+BME68X+PMSX003-A+PMSX003-B,70,65,58,1006.48,0.00,9160,-49,1507258,0.84,1.80,2.48,0.84,1.80,2.48,8,8,357.43,97.61,11.95,3.16,1.18,0.59,1.54,1.98,1.98,1.54,1.98,1.98,8,8,421.78,117.92,10.15,0.44,0.00,0.00,59.77
2025/08/07T06:22:17z,48:3f:da:2a:ee:34,7.04,3.0+OPENLOG+31954 MB+RV3028+BME68X+PMSX003-A+PMSX003-B,70,65,57,1006.45,0.00,8904,-51,1507378,0.95,1.72,1.72,0.95,1.72,1.72,7,7,326.02,87.93,12.31,0.47,0.00,0.00,1.51,1.95,2.03,1.51,1.95,2.03,8,8,430.83,120.02,11.78,1.03,0.08,0.08,64.82
2025/08/07T06:24:17z,48:3f:da:2a:ee:34,7.04,3.0+OPENLOG+31954 MB+RV3028+BME68X+PMSX003-A+PMSX003-B,70,66,58,1006.47,0.00,9160,-51,1507498,0.74,1.22,2.69,0.74,1.22,2.69,5,5,276.05,75.78,10.97,2.74,2.02,1.29,1.18,1.82,2.21,1.18,1.82,2.21,8,8,402.79,114.23,12.11,1.21,0.47,0.47,59.97
2025/08/07T06:26:17z,48:3f:da:2a:ee:34,7.04,3.0+OPENLOG+31954 MB+RV3028+BME68X+PMSX003-A+PMSX003-B,70,66,58,1006.50,0.00,9160,-49,1507618,0.62,1.12,1.12,0.62,1.12,1.12,5,5,261.00,74.38,7.29,1.40,0.00,0.00,0.95,1.25,1.95,0.95,1.25,1.95,5,5,353.37,101.47,8.40,1.05,0.84,0.75,58.16
2025/08/07T06:28:17z,48:3f:da:2a:ee:34,7.04,3.0+OPENLOG+31954 MB+RV3028+BME68X+PMSX003-A+PMSX003-B,70,65,58,1006.51,0.00,8904,-53,1507738,0.67,1.07,2.40,0.67,1.07,2.40,4,4,327.63,85.32,13.89,1.79,1.79,1.26,1.26,1.71,2.09,1.26,1.71,2.09,7,7,411.10,118.93,9.95,0.72,0.53,0.22,57.60
2025/08/07T06:30:17z,48:3f:da:2a:ee:34,7.04,3.0+OPENLOG+31954 MB+RV3028+BME68X+PMSX003-A+PMSX003-B,70,66,58,1006.49,0.00,9160,-52,1507858,1.02,1.30,2.42,1.02,1.30,2.42,5,5,365.37,94.68,11.47,1.89,1.89,0.63,0.93,1.19,1.60,0.93,1.19,1.60,5,5,330.21,88.67,7.14,0.52,0.52,0.47,57.07
2025/08/07T06:32:17z,48:3f:da:2a:ee:34,7.04,3.0+OPENLOG+31954 MB+RV3028+BME68X+PMSX003-A+PMSX003-B,70,66,58,1006.50,0.00,9160,-48,1507978,0.90,1.63,3.83,0.90,1.63,3.83,7,7,340.17,92.08,18.97,3.41,2.80,2.80,1.27,1.62,2.11,1.27,1.62,2.11,7,7,360.16,104.52,11.38,0.84,0.62,0.45,57.12
2025/08/07T06:34:17z,48:3f:da:2a:ee:34,7.04,3.0+OPENLOG+31954 MB+RV3028+BME68X+PMSX003-A+PMSX003-B,70,67,58,1006.46,0.00,9160,-51,1508098,0.62,0.93,2.62,0.62,0.93,2.62,4,4,324.31,88.50,14.79,2.95,2.59,0.26,0.88,1.46,2.16,0.88,1.46,2.16,6,6,368.36,100.54,11.84,1.62,0.88,0.68,57.40
2025/08/07T06:36:17z,48:3f:da:2a:ee:34,7.04,3.0+OPENLOG+31954 MB+RV3028+BME68X+PMSX003-A+PMSX003-B,70,67,58,1006.51,0.00,8904,-52,1508218,0.36,0.86,1.00,0.36,0.86,1.00,4,4,230.79,60.38,7.50,0.54,0.27,0.00,0.73,0.98,1.08,0.73,0.98,1.08,4,4,310.83,83.80,5.78,0.17,0.17,0.00,56.42
2025/08/07T06:38:17z,48:3f:da:2a:ee:34,7.04,3.0+OPENLOG+31954 MB+RV3028+BME68X+PMSX003-A+PMSX003-B,69,67,57,1006.53,0.00,9160,-51,1508338,0.75,1.35,1.70,0.75,1.35,1.70,6,6,294.16,79.21,13.42,0.68,0.68,0.00,1.29,1.59,2.34,1.29,1.59,2.34,7,7,394.91,107.17,8.22,1.07,0.72,0.72,56.70
2025/08/07T06:40:17z,48:3f:da:2a:ee:34,7.04,3.0+OPENLOG+31954 MB+RV3028+BME68X+PMSX003-A+PMSX003-B,69,68,58,1006.48,0.00,9160,-49,1508458,0.83,1.49,1.73,0.83,1.49,1.73,6,6,320.49,86.08,13.12,1.27,0.61,0.00,0.93,1.09,1.79,0.93,1.09,1.79,5,5,313.34,89.02,11.12,0.79,0.70,0.70,56.96
2025/08/07T06:42:17z,48:3f:da:2a:ee:34,7.04,3.0+OPENLOG+31954 MB+RV3028+BME68X+PMSX003-A+PMSX003-B,69,67,57,1006.51,0.00,9160,-50,1508578,0.66,1.36,2.47,0.66,1.36,2.47,6,6,310.88,84.20,13.42,3.15,1.37,1.37,1.09,1.62,1.95,1.09,1.62,1.95,7,7,372.32,103.23,8.30,1.20,0.55,0.05,56.82
2025/08/07T06:44:17z,48:3f:da:2a:ee:34,7.04,3.0+OPENLOG+31954 MB+RV3028+BME68X+PMSX003-A+PMSX003-B,69,67,57,1006.51,0.00,8736,-49,1508698,0.70,0.98,1.44,0.70,0.98,1.44,4,4,270.79,70.58,7.74,1.37,0.63,0.63,1.03,1.28,1.98,1.03,1.28,1.98,5,5,350.84,97.60,7.07,1.10,0.90,0.21,56.70
2025/08/07T06:46:17z,48:3f:da:2a:ee:34,7.04,3.0+OPENLOG+31954 MB+RV3028+BME68X+PMSX003-A+PMSX003-B,69,67,57,1006.50,0.00,8736,-50,1508818,0.77,1.48,2.25,0.77,1.48,2.25,6,6,296.55,82.00,11.85,2.35,1.30,0.60,1.43,1.70,2.00,1.43,1.70,2.00,7,7,387.28,111.04,10.26,0.96,0.46,0.46,59.81
2025/08/07T06:48:17z,48:3f:da:2a:ee:34,7.04,3.0+OPENLOG+31954 MB+RV3028+BME68X+PMSX003-A+PMSX003-B,70,67,58,1006.53,0.00,8904,-49,1508938,0.37,1.39,2.19,0.37,1.39,2.19,6,6,320.49,85.53,14.44,2.85,0.71,0.71,0.98,1.56,1.64,0.98,1.56,1.64,6,6,382.88,110.20,8.41,0.39,0.22,0.22,57.55
2025/08/07T06:50:17z,48:3f:da:2a:ee:34,7.04,3.0+OPENLOG+31954 MB+RV3028+BME68X+PMSX003-A+PMSX003-B,69,68,58,1006.57,0.00,9160,-52,1509058,0.82,1.47,1.51,0.82,1.47,1.51,6,6,309.79,86.74,11.95,0.53,0.05,0.05,1.31,1.58,1.63,1.31,1.58,1.63,7,7,377.64,107.66,8.85,0.42,0.00,0.00,56.73
2025/08/07T06:52:17z,48:3f:da:2a:ee:34,7.04,3.0+OPENLOG+31954 MB+RV3028+BME68X+PMSX003-A+PMSX003-B,69,68,58,1006.59,0.00,9160,-50,1509178,0.83,1.52,1.52,0.83,1.52,1.52,6,6,317.33,84.62,10.86,0.72,0.00,0.00,0.88,1.33,1.66,0.88,1.33,1.66,6,6,379.71,104.79,9.81,0.76,0.50,0.50,56.57
2025/08/07T06:54:17z,48:3f:da:2a:ee:34,7.04,3.0+OPENLOG+31954 MB+RV3028+BME68X+PMSX003-A+PMSX003-B,69,68,58,1006.57,0.00,8904,-49,1509298,0.86,1.85,2.25,0.86,1.85,2.25,8,8,323.69,87.92,16.17,2.54,0.56,0.56,1.12,1.84,1.84,1.12,1.84,1.84,8,8,395.47,107.77,13.79,0.00,0.00,0.00,56.23
2025/08/07T06:56:17z,48:3f:da:2a:ee:34,7.04,3.0+OPENLOG+31954 MB+RV3028+BME68X+PMSX003-A+PMSX003-B,69,68,58,1006.60,0.00,8904,-50,1509418,0.59,1.22,2.63,0.59,1.22,2.63,5,5,286.78,80.24,15.61,3.00,2.08,1.42,1.29,1.86,1.91,1.29,1.86,1.91,8,8,367.55,105.02,9.50,0.59,0.33,0.10,56.65
2025/08/07T06:58:17z,48:3f:da:2a:ee:34,7.04,3.0+OPENLOG+31954 MB+RV3028+BME68X+PMSX003-A+PMSX003-B,69,68,58,1006.61,0.00,8904,-50,1509538,0.86,1.46,2.39,0.86,1.46,2.39,6,6,357.11,92.42,14.58,2.05,1.47,0.74,1.18,1.58,1.87,1.18,1.58,1.87,7,7,368.60,105.38,8.78,0.80,0.47,0.08,55.70
2025/08/07T07:00:17z,48:3f:da:2a:ee:34,7.04,3.0+OPENLOG+31954 MB+RV3028+BME68X+PMSX003-A+PMSX003-B,69,68,58,1006.62,0.00,8904,-51,1509658,0.77,1.25,2.42,0.77,1.25,2.42,5,5,367.26,103.47,19.00,2.16,1.47,0.68,0.81,1.41,2.00,0.81,1.41,2.00,6,6,349.53,100.58,9.58,1.05,0.76,0.68,55.47
2025/08/07T07:02:17z,48:3f:da:2a:ee:34,7.04,3.0+OPENLOG+31954 MB+RV3028+BME68X+PMSX003-A+PMSX003-B,70,68,59,1006.67,0.00,8904,-49,1509778,0.67,1.10,1.28,0.67,1.10,1.28,5,5,290.79,82.55,10.91,0.52,0.00,0.00,0.93,1.43,1.93,0.93,1.43,1.93,6,6,355.93,100.73,10.98,1.66,0.57,0.32,55.14
2025/08/07T07:04:17z,48:3f:da:2a:ee:34,7.04,3.0+OPENLOG+31954 MB+RV3028+BME68X+PMSX003-A+PMSX003-B,69,68,58,1006.74,0.00,8904,-49,1509898,0.64,1.02,1.02,0.64,1.02,1.02,4,4,277.63,70.88,11.08,0.46,0.00,0.00,1.38,1.59,1.67,1.38,1.59,1.67,7,7,344.64,97.98,11.50,0.14,0.14,0.14,56.54
2025/08/07T07:06:17z,48:3f:da:2a:ee:34,7.04,3.0+OPENLOG+31954 MB+RV3028+BME68X+PMSX003-A+PMSX003-B,69,68,58,1006.74,0.00,8904,-50,1510018,0.98,1.55,1.55,0.98,1.55,1.55,6,6,307.12,83.95,13.50,0.00,0.00,0.00,0.90,1.29,1.92,0.90,1.29,1.92,5,5,348.15,99.39,10.83,0.88,0.88,0.88,56.80
2025/08/07T07:08:17z,48:3f:da:2a:ee:34,7.04,3.0+OPENLOG+31954 MB+RV3028+BME68X+PMSX003-A+PMSX003-B,69,68,58,1006.75,0.00,8904,-50,1510138,0.91,1.39,2.55,0.91,1.39,2.55,6,6,330.11,87.43,13.45,1.88,1.88,0.64,0.42,0.83,1.27,0.42,0.83,1.27,3,3,327.36,96.08,8.19,1.36,0.42,0.19,55.31
2025/08/07T07:10:17z,48:3f:da:2a:ee:34,7.04,3.0+OPENLOG+31954 MB+RV3028+BME68X+PMSX003-A+PMSX003-B,70,68,58,1006.73,0.00,9160,-51,1510258,0.71,1.10,2.25,0.71,1.10,2.25,5,5,310.88,86.39,11.44,1.93,1.93,0.71,1.20,1.59,2.04,1.20,1.59,2.04,7,7,355.71,101.07,10.02,0.61,0.61,0.61,54.54
2025/08/07T07:12:17z,48:3f:da:2a:ee:34,7.04,3.0+OPENLOG+31954 MB+RV3028+BME68X+PMSX003-A+PMSX003-B,70,68,59,1006.74,0.00,8904,-49,1510378,0.56,1.32,1.92,0.56,1.32,1.92,6,6,333.92,92.49,16.32,3.15,0.51,0.00,1.18,1.54,2.16,1.18,1.54,2.16,6,6,384.00,108.88,7.66,1.34,0.84,0.25,54.09
2025/08/07T07:14:17z,48:3f:da:2a:ee:34,7.04,3.0+OPENLOG+31954 MB+RV3028+BME68X+PMSX003-A+PMSX003-B,69,68,58,1006.74,0.00,8904,-49,1510498,0.88,1.12,2.23,0.88,1.12,2.23,5,5,301.58,86.89,10.05,1.32,1.32,1.32,0.78,1.07,1.79,0.78,1.07,1.79,4,4,358.66,99.69,9.88,1.17,0.81,0.57,54.71
2025/08/07T07:16:17z,48:3f:da:2a:ee:34,7.04,3.0+OPENLOG+31954 MB+RV3028+BME68X+PMSX003-A+PMSX003-B,70,68,59,1006.71,0.00,8904,-50,1510618,0.71,1.22,1.26,0.71,1.22,1.26,5,5,295.91,84.41,12.57,0.05,0.05,0.00,1.00,1.54,1.81,1.00,1.54,1.81,6,6,327.20,94.41,10.22,0.73,0.49,0.49,54.69
2025/08/07T07:18:17z,48:3f:da:2a:ee:34,7.04,3.0+OPENLOG+31954 MB+RV3028+BME68X+PMSX003-A+PMSX003-B,70,67,58,1006.69,0.00,8904,-51,1510738,0.44,0.92,2.05,0.44,0.92,2.05,4,4,309.97,75.25,13.83,2.08,2.08,0.00,0.88,1.26,1.58,0.88,1.26,1.58,5,5,328.32,91.79,6.70,0.88,0.39,0.39,54.58
2025/08/07T07:20:17z,48:3f:da:2a:ee:34,7.04,3.0+OPENLOG+31954 MB+RV3028+BME68X+PMSX003-A+PMSX003-B,69,67,57,1006.70,0.00,8904,-49,1510858,0.35,1.13,1.50,0.35,1.13,1.50,5,5,292.80,71.80,10.20,2.45,0.70,0.00,1.00,1.41,1.71,1.00,1.41,1.71,6,6,354.31,100.72,9.52,0.50,0.50,0.50,53.87
2025/08/07T07:22:17z,48:3f:da:2a:ee:34,7.04,3.0+OPENLOG+31954 MB+RV3028+BME68X+PMSX003-A+PMSX003-B,69,68,58,1006.70,0.00,9160,-49,1510978,0.82,1.14,1.91,0.82,1.14,1.91,5,5,311.05,84.16,12.00,1.32,1.32,0.00,0.69,1.12,1.31,0.69,1.12,1.31,5,5,339.61,96.95,11.93,0.59,0.25,0.25,53.78
2025/08/07T07:24:17z,48:3f:da:2a:ee:34,7.04,3.0+OPENLOG+31954 MB+RV3028+BME68X+PMSX003-A+PMSX003-B,70,68,59,1006.66,0.00,8904,-50,1511098,0.48,1.02,1.68,0.48,1.02,1.68,4,4,304.88,82.23,17.41,1.23,1.23,0.00,1.08,1.42,2.37,1.08,1.42,2.37,6,6,334.98,92.63,9.95,1.80,1.31,0.85,54.29
2025/08/07T07:26:17z,48:3f:da:2a:ee:34,7.04,3.0+OPENLOG+31954 MB+RV3028+BME68X+PMSX003-A+PMSX003-B,69,68,58,1006.67,0.00,8904,-49,1511218,0.32,0.81,1.25,0.32,0.81,1.25,3,3,333.95,87.74,14.32,0.89,0.89,0.26,0.53,1.14,1.36,0.53,1.14,1.36,5,5,323.64,95.16,7.07,0.48,0.24,0.24,53.78
2025/08/07T07:28:17z,48:3f:da:2a:ee:34,7.04,3.0+OPENLOG+31954 MB+RV3028+BME68X+PMSX003-A+PMSX003-B,70,68,58,1006.66,0.00,8904,-49,1511338,0.47,1.08,2.22,0.47,1.08,2.22,5,5,314.75,84.05,15.66,2.44,1.73,1.17,0.76,1.00,1.22,0.76,1.00,1.22,4,4,319.31,89.38,7.76,0.22,0.22,0.22,53.85
2025/08/07T07:30:17z,48:3f:da:2a:ee:34,7.04,3.0+OPENLOG+31954 MB+RV3028+BME68X+PMSX003-A+PMSX003-B,69,68,58,1006.74,0.00,9160,-49,1511458,0.28,1.12,2.74,0.28,1.12,2.74,5,5,352.86,91.45,16.55,3.67,2.17,1.34,1.25,1.81,1.88,1.25,1.81,1.88,8,8,373.21,104.05,8.72,0.68,0.25,0.00,53.88
2025/08/07T07:32:17z,48:3f:da:2a:ee:34,7.04,3.0+OPENLOG+31954 MB+RV3028+BME68X+PMSX003-A+PMSX003-B,69,69,58,1006.72,0.00,9160,-51,1511578,1.00,1.70,3.57,1.00,1.70,3.57,7,7,334.12,93.32,12.38,3.70,2.57,2.04,1.25,1.81,1.93,1.25,1.81,1.93,8,8,378.97,109.71,11.53,0.44,0.20,0.20,54.24
2025/08/07T07:34:17z,48:3f:da:2a:ee:34,7.04,3.0+OPENLOG+31954 MB+RV3028+BME68X+PMSX003-A+PMSX003-B,69,68,58,1006.70,0.00,8904,-50,1511698,0.60,1.31,1.31,0.60,1.31,1.31,5,5,266.43,73.19,11.79,0.52,0.00,0.00,0.93,1.05,1.31,0.93,1.05,1.31,4,4,314.34,88.97,7.29,0.75,0.25,0.25,54.22
2025/08/07T07:36:17z,48:3f:da:2a:ee:34,7.04,3.0+OPENLOG+31954 MB+RV3028+BME68X+PMSX003-A+PMSX003-B,69,69,58,1006.67,0.00,8904,-50,1511818,0.60,0.98,1.47,0.60,0.98,1.47,4,4,263.25,71.25,11.50,0.80,0.80,0.55,0.91,1.18,1.44,0.91,1.18,1.44,5,5,327.74,93.00,7.72,0.98,0.53,0.30,54.20
2025/08/07T07:38:17z,48:3f:da:2a:ee:34,7.04,3.0+OPENLOG+31954 MB+RV3028+BME68X+PMSX003-A+PMSX003-B,69,68,58,1006.68,0.00,8904,-47,1511938,0.44,1.03,1.63,0.44,1.03,1.63,4,4,277.93,76.58,10.17,1.53,1.27,0.00,1.34,1.79,2.07,1.34,1.79,2.07,7,7,376.55,110.55,11.78,0.76,0.38,0.21,54.82
2025/08/07T07:40:17z,48:3f:da:2a:ee:34,7.04,3.0+OPENLOG+31954 MB+RV3028+BME68X+PMSX003-A+PMSX003-B,69,69,58,1006.72,0.00,8904,-46,1512058,0.57,0.95,1.54,0.57,0.95,1.54,4,4,256.02,69.05,5.09,1.88,0.59,0.59,0.90,1.14,1.34,0.90,1.14,1.34,5,5,322.97,92.55,10.67,0.29,0.09,0.09,54.09
2025/08/07T07:42:17z,48:3f:da:2a:ee:34,7.04,3.0+OPENLOG+31954 MB+RV3028+BME68X+PMSX003-A+PMSX003-B,69,68,58,1006.66,0.00,8904,-50,1512178,0.36,1.25,1.95,0.36,1.25,1.95,5,5,279.80,74.73,12.86,1.55,0.64,0.64,1.00,1.53,1.61,1.00,1.53,1.61,6,6,333.71,95.73,9.69,0.44,0.14,0.00,54.68
2025/08/07T07:44:18z,48:3f:da:2a:ee:34,7.04,3.0+OPENLOG+31954 MB+RV3028+BME68X+PMSX003-A+PMSX003-B,69,68,58,1006.70,0.00,8736,-49,1512298,0.48,0.95,0.95,0.48,0.95,0.95,4,4,288.93,86.02,7.60,0.21,0.00,0.00,1.23,1.77,1.89,1.23,1.77,1.89,7,7,370.02,109.68,8.04,0.41,0.25,0.18,61.06
2025/08/07T07:46:18z,48:3f:da:2a:ee:34,7.04,3.0+OPENLOG+31954 MB+RV3028+BME68X+PMSX003-A+PMSX003-B,69,68,58,1006.69,0.00,8992,-51,1512418,0.69,1.83,3.02,0.69,1.83,3.02,8,8,295.67,78.33,13.50,4.72,1.67,0.83,0.78,1.28,1.48,0.78,1.28,1.48,5,5,369.98,103.38,8.78,0.41,0.34,0.17,57.92
2025/08/07T07:48:18z,48:3f:da:2a:ee:34,7.04,3.0+OPENLOG+31954 MB+RV3028+BME68X+PMSX003-A+PMSX003-B,69,68,58,1006.74,0.00,9160,-50,1512538,0.54,0.85,1.34,0.54,0.85,1.34,4,4,310.12,74.24,7.58,0.97,0.97,0.51,0.45,1.02,1.26,0.45,1.02,1.26,4,4,265.60,76.79,8.53,0.69,0.40,0.40,55.40
2025/08/07T07:50:18z,48:3f:da:2a:ee:34,7.04,3.0+OPENLOG+31954 MB+RV3028+BME68X+PMSX003-A+PMSX003-B,69,68,58,1006.70,0.00,9160,-52,1512658,0.86,1.20,2.17,0.86,1.20,2.17,5,5,322.17,89.34,11.95,1.98,1.27,0.76,1.25,1.54,1.77,1.25,1.54,1.77,6,6,336.86,94.18,8.39,0.88,0.41,0.00,54.76
2025/08/07T07:52:18z,48:3f:da:2a:ee:34,7.04,3.0+OPENLOG+31954 MB+RV3028+BME68X+PMSX003-A+PMSX003-B,69,68,58,1006.71,0.00,9160,-51,1512778,0.25,0.78,2.20,0.25,0.78,2.20,3,3,293.64,73.98,10.17,4.32,2.39,0.56,0.86,1.20,1.39,0.86,1.20,1.39,5,5,311.75,88.12,9.27,0.41,0.41,0.22,55.55
2025/08/07T07:54:18z,48:3f:da:2a:ee:34,7.04,3.0+OPENLOG+31954 MB+RV3028+BME68X+PMSX003-A+PMSX003-B,69,67,57,1006.73,0.00,8904,-50,1512898,0.79,1.52,2.12,0.79,1.52,2.12,6,6,325.93,89.62,14.52,1.39,0.80,0.80,1.22,1.74,1.91,1.22,1.74,1.91,7,7,361.34,103.69,11.67,0.66,0.45,0.21,54.77
2025/08/07T07:56:18z,48:3f:da:2a:ee:34,7.04,3.0+OPENLOG+31954 MB+RV3028+BME68X+PMSX003-A+PMSX003-B,68,69,57,1006.73,0.00,8904,-50,1513018,0.88,1.59,2.52,0.88,1.59,2.52,7,7,309.10,87.67,10.14,3.26,1.34,1.29,0.92,1.63,1.92,0.92,1.63,1.92,7,7,340.63,97.95,10.44,0.69,0.12,0.12,54.93
2025/08/07T07:58:18z,48:3f:da:2a:ee:34,7.04,3.0+OPENLOG+31954 MB+RV3028+BME68X+PMSX003-A+PMSX003-B,68,69,57,1006.70,0.00,8904,-50,1513138,0.75,1.24,3.17,0.75,1.24,3.17,5,5,311.34,87.36,15.20,3.86,3.36,1.02,1.25,1.62,1.82,1.25,1.62,1.82,7,7,362.46,107.71,10.75,0.70,0.21,0.21,55.32
2025/08/07T08:00:18z,48:3f:da:2a:ee:34,7.04,3.0+OPENLOG+31954 MB+RV3028+BME68X+PMSX003-A+PMSX003-B,68,69,57,1006.80,0.00,9160,-51,1513258,0.48,0.64,1.34,0.48,0.64,1.34,3,3,256.03,67.81,8.07,1.09,1.09,0.36,0.89,1.09,1.09,0.89,1.09,1.09,5,5,321.68,92.88,8.47,0.12,0.12,0.12,54.90
2025/08/07T08:02:18z,48:3f:da:2a:ee:34,7.04,3.0+OPENLOG+31954 MB+RV3028+BME68X+PMSX003-A+PMSX003-B,67,69,56,1006.80,0.00,8904,-49,1513378,0.56,1.20,1.78,0.56,1.20,1.78,5,5,285.05,76.04,10.80,0.65,0.65,0.65,1.07,1.41,1.58,1.07,1.41,1.58,6,6,345.36,95.07,8.15,0.22,0.22,0.00,55.34
2025/08/07T08:04:18z,48:3f:da:2a:ee:34,7.04,3.0+OPENLOG+31954 MB+RV3028+BME68X+PMSX003-A+PMSX003-B,69,69,58,1006.80,0.00,9160,-49,1513498,0.82,1.05,2.67,0.82,1.05,2.67,4,4,307.26,79.89,9.84,2.42,2.42,1.32,1.24,1.78,2.00,1.24,1.78,2.00,7,7,364.47,102.47,12.31,0.47,0.24,0.24,55.03
2025/08/07T08:06:18z,48:3f:da:2a:ee:34,7.04,3.0+OPENLOG+31954 MB+RV3028+BME68X+PMSX003-A+PMSX003-B,68,69,57,1006.82,0.00,9160,-51,1513618,0.88,1.08,1.44,0.88,1.08,1.44,5,5,309.97,82.63,12.00,0.51,0.51,0.51,0.66,0.84,1.07,0.66,0.84,1.07,3,3,319.18,85.43,8.00,0.23,0.23,0.23,55.20
2025/08/07T08:08:18z,48:3f:da:2a:ee:34,7.04,3.0+OPENLOG+31954 MB+RV3028+BME68X+PMSX003-A+PMSX003-B,68,69,57,1006.80,0.00,9160,-49,1513738,0.64,0.84,0.84,0.64,0.84,0.84,4,4,298.09,85.34,10.81,0.00,0.00,0.00,1.00,1.19,1.57,1.00,1.19,1.57,5,5,316.66,90.66,8.48,0.91,0.38,0.21,55.70
2025/08/07T08:10:18z,48:3f:da:2a:ee:34,7.04,3.0+OPENLOG+31954 MB+RV3028+BME68X+PMSX003-A+PMSX003-B,69,68,58,1006.82,0.00,8904,-50,1513858,0.61,1.14,1.80,0.61,1.14,1.80,5,5,344.57,94.82,14.73,1.77,1.18,0.00,1.12,1.50,1.60,1.12,1.50,1.60,6,6,351.05,95.22,9.36,0.45,0.24,0.00,57.75
2025/08/07T08:12:18z,48:3f:da:2a:ee:34,7.04,3.0+OPENLOG+31954 MB+RV3028+BME68X+PMSX003-A+PMSX003-B,69,67,57,1006.79,0.00,8904,-49,1513978,0.46,0.98,0.98,0.46,0.98,0.98,4,4,341.05,87.79,10.84,0.00,0.00,0.00,0.78,0.97,1.36,0.78,0.97,1.36,4,4,326.02,92.26,11.66,0.45,0.45,0.22,56.37
2025/08/07T08:14:18z,48:3f:da:2a:ee:34,7.04,3.0+OPENLOG+31954 MB+RV3028+BME68X+PMSX003-A+PMSX003-B,68,68,57,1006.80,0.00,8904,-51,1514098,1.19,1.68,2.24,1.19,1.68,2.24,7,7,352.17,98.27,13.93,1.83,0.56,0.00,0.96,1.29,1.84,0.96,1.29,1.84,5,5,337.93,95.45,8.70,0.68,0.68,0.45,56.40
2025/08/07T08:16:18z,48:3f:da:2a:ee:34,7.04,3.0+OPENLOG+31954 MB+RV3028+BME68X+PMSX003-A+PMSX003-B,68,68,57,1006.72,0.00,9160,-51,1514218,0.83,1.63,1.63,0.83,1.63,1.63,7,7,329.70,85.05,14.80,0.00,0.00,0.00,1.00,1.82,2.23,1.00,1.82,2.23,8,8,382.05,105.28,8.79,0.81,0.63,0.63,56.79
2025/08/07T08:18:18z,48:3f:da:2a:ee:34,7.04,3.0+OPENLOG+31954 MB+RV3028+BME68X+PMSX003-A+PMSX003-B,68,67,56,1006.80,0.00,8904,-48,1514338,0.88,1.53,1.84,0.88,1.53,1.84,6,6,347.21,87.89,13.00,1.16,0.58,0.00,1.14,1.53,1.62,1.14,1.53,1.62,6,6,383.02,108.90,9.50,0.22,0.09,0.09,57.17
2025/08/07T08:20:18z,48:3f:da:2a:ee:34,7.04,3.0+OPENLOG+31954 MB+RV3028+BME68X+PMSX003-A+PMSX003-B,68,67,56,1006.85,0.00,8904,-52,1514458,0.50,0.88,1.43,0.50,0.88,1.43,4,4,317.41,86.30,11.73,1.45,0.91,0.00,1.28,1.53,1.78,1.28,1.53,1.78,6,6,356.40,101.05,8.50,0.73,0.45,0.20,58.16
2025/08/07T08:22:18z,48:3f:da:2a:ee:34,7.04,3.0+OPENLOG+31954 MB+RV3028+BME68X+PMSX003-A+PMSX003-B,68,66,56,1006.78,0.00,9160,-51,1514578,0.70,1.17,2.10,0.70,1.17,2.10,5,5,294.15,79.90,9.95,2.90,1.10,0.70,1.07,1.32,1.63,1.07,1.32,1.63,6,6,343.93,98.98,7.29,1.00,0.76,0.00,59.35
2025/08/07T08:24:18z,48:3f:da:2a:ee:34,7.04,3.0+OPENLOG+31954 MB+RV3028+BME68X+PMSX003-A+PMSX003-B,67,66,55,1006.76,0.00,8904,-50,1514698,1.22,2.20,2.49,1.22,2.20,2.49,9,9,341.24,98.64,16.83,1.37,0.71,0.00,1.16,1.44,2.07,1.16,1.44,2.07,6,6,367.69,103.35,8.42,1.25,1.00,0.78,59.49
2025/08/07T08:26:18z,48:3f:da:2a:ee:34,7.04,3.0+OPENLOG+31954 MB+RV3028+BME68X+PMSX003-A+PMSX003-B,68,66,56,1006.76,0.00,9160,-51,1514818,0.91,1.60,2.30,0.91,1.60,2.30,7,7,322.89,90.16,12.74,3.37,1.32,0.00,0.76,1.07,1.40,0.76,1.07,1.40,4,4,368.79,102.26,10.93,0.41,0.41,0.19,59.88
2025/08/07T08:28:18z,48:3f:da:2a:ee:34,7.04,3.0+OPENLOG+31954 MB+RV3028+BME68X+PMSX003-A+PMSX003-B,68,65,56,1006.73,0.00,8904,-52,1514938,0.54,1.39,1.39,0.54,1.39,1.39,6,6,289.61,78.32,10.93,1.88,0.00,0.00,1.23,1.53,1.70,1.23,1.53,1.70,6,6,345.50,101.92,7.78,0.48,0.23,0.23,59.43
2025/08/07T08:30:18z,48:3f:da:2a:ee:34,7.04,3.0+OPENLOG+31954 MB+RV3028+BME68X+PMSX003-A+PMSX003-B,68,65,56,1006.72,0.00,8904,-51,1515058,0.90,1.34,1.45,0.90,1.34,1.45,6,6,308.33,85.86,8.74,0.31,0.31,0.00,1.12,1.48,1.55,1.12,1.48,1.55,6,6,355.50,101.00,11.26,0.31,0.07,0.00,58.79
2025/08/07T08:32:18z,48:3f:da:2a:ee:34,7.04,3.0+OPENLOG+31954 MB+RV3028+BME68X+PMSX003-A+PMSX003-B,68,65,56,1006.69,0.00,9160,-53,1515178,1.09,1.69,3.19,1.09,1.69,3.19,7,7,340.91,98.90,12.52,2.69,2.02,1.76,0.93,1.29,1.95,0.93,1.29,1.95,5,5,379.53,110.35,11.31,0.98,0.80,0.38,58.92
2025/08/07T08:34:18z,48:3f:da:2a:ee:34,7.04,3.0+OPENLOG+31954 MB+RV3028+BME68X+PMSX003-A+PMSX003-B,68,65,56,1006.72,0.00,8904,-51,1515298,0.84,1.26,1.84,0.84,1.26,1.84,5,5,343.09,95.53,9.67,0.83,0.62,0.62,1.32,1.40,1.67,1.32,1.40,1.67,6,6,374.00,104.51,7.84,0.32,0.32,0.32,60.83
2025/08/07T08:36:18z,48:3f:da:2a:ee:34,7.04,3.0+OPENLOG+31954 MB+RV3028+BME68X+PMSX003-A+PMSX003-B,68,65,55,1006.63,0.00,9160,-52,1515418,0.86,1.04,1.39,0.86,1.04,1.39,4,4,308.41,81.43,7.18,0.91,0.54,0.54,0.88,1.47,1.55,0.88,1.47,1.55,6,6,353.00,99.30,10.85,0.33,0.33,0.08,59.40
2025/08/07T08:38:18z,48:3f:da:2a:ee:34,7.04,3.0+OPENLOG+31954 MB+RV3028+BME68X+PMSX003-A+PMSX003-B,68,64,55,1006.62,0.00,8904,-53,1515538,0.80,1.51,2.68,0.80,1.51,2.68,6,6,321.86,88.63,10.83,3.20,1.42,1.42,0.83,1.37,1.77,0.83,1.37,1.77,6,6,364.50,107.38,10.50,0.80,0.42,0.17,59.70
2025/08/07T08:40:18z,48:3f:da:2a:ee:34,7.04,3.0+OPENLOG+31954 MB+RV3028+BME68X+PMSX003-A+PMSX003-B,67,64,54,1006.65,0.00,9160,-52,1515658,0.92,1.86,2.98,0.92,1.86,2.98,8,8,369.31,104.59,13.07,3.31,1.22,1.22,1.21,1.60,1.95,1.21,1.60,1.95,7,7,370.37,104.56,8.82,0.47,0.42,0.42,59.68
2025/08/07T08:42:18z,48:3f:da:2a:ee:34,7.04,3.0+OPENLOG+31954 MB+RV3028+BME68X+PMSX003-A+PMSX003-B,68,64,55,1006.61,0.00,8904,-51,1515778,0.68,0.97,2.02,0.68,0.97,2.02,4,4,314.55,85.55,9.70,1.75,1.75,0.50,1.44,1.82,2.28,1.44,1.82,2.28,8,8,400.05,115.39,8.81,0.75,0.54,0.54,60.43
2025/08/07T08:44:18z,48:3f:da:2a:ee:34,7.04,3.0+OPENLOG+31954 MB+RV3028+BME68X+PMSX003-A+PMSX003-B,68,64,55,1006.59,0.00,8736,-50,1515899,1.05,2.26,3.47,1.05,2.26,3.47,9,9,364.26,108.42,17.00,4.74,1.89,1.11,1.19,1.48,1.74,1.19,1.48,1.74,6,6,366.88,105.50,8.09,0.59,0.40,0.00,60.41
2025/08/07T08:46:18z,48:3f:da:2a:ee:34,7.04,3.0+OPENLOG+31954 MB+RV3028+BME68X+PMSX003-A+PMSX003-B,69,63,56,1006.64,0.00,8992,-50,1516019,0.68,1.02,2.22,0.68,1.02,2.22,4,4,355.20,97.95,15.05,1.55,1.55,1.45,1.66,2.20,2.20,1.66,2.20,2.20,9,9,406.45,117.89,13.55,0.32,0.02,0.00,60.12
2025/08/07T08:48:18z,48:3f:da:2a:ee:34,7.04,3.0+OPENLOG+31954 MB+RV3028+BME68X+PMSX003-A+PMSX003-B,68,63,55,1006.69,0.00,8904,-53,1516139,0.62,1.36,1.74,0.62,1.36,1.74,6,6,363.57,99.41,14.38,1.24,0.67,0.00,1.24,1.53,1.53,1.24,1.53,1.53,6,6,343.07,102.56,12.81,0.36,0.00,0.00,60.15
2025/08/07T08:50:18z,48:3f:da:2a:ee:34,7.04,3.0+OPENLOG+31954 MB+RV3028+BME68X+PMSX003-A+PMSX003-B,68,64,55,1006.65,0.00,8904,-49,1516259,1.00,1.48,1.73,1.00,1.48,1.73,6,6,360.16,94.77,10.07,0.38,0.38,0.00,1.16,1.52,1.69,1.16,1.52,1.69,6,6,348.41,103.60,9.93,0.21,0.21,0.21,60.27
2025/08/07T08:52:18z,48:3f:da:2a:ee:34,7.04,3.0+OPENLOG+31954 MB+RV3028+BME68X+PMSX003-A+PMSX003-B,68,64,55,1006.73,0.00,8904,-51,1516379,0.82,1.33,2.42,0.82,1.33,2.42,6,6,304.35,86.35,13.10,2.00,2.00,0.00,1.18,1.46,1.98,1.18,1.46,1.98,6,6,357.32,106.26,11.84,0.58,0.58,0.58,60.78
2025/08/07T08:54:18z,48:3f:da:2a:ee:34,7.04,3.0+OPENLOG+31954 MB+RV3028+BME68X+PMSX003-A+PMSX003-B,68,64,55,1006.70,0.00,8904,-50,1516499,0.59,0.97,2.49,0.59,0.97,2.49,4,4,280.68,80.34,15.20,2.14,2.14,1.27,0.88,0.88,1.57,0.88,0.88,1.57,4,4,342.80,95.96,6.84,1.11,0.88,0.52,60.15
2025/08/07T08:56:18z,48:3f:da:2a:ee:34,7.04,3.0+OPENLOG+31954 MB+RV3028+BME68X+PMSX003-A+PMSX003-B,68,64,55,1006.70,0.00,9160,-48,1516619,0.78,1.24,1.41,0.78,1.24,1.41,5,5,303.67,86.22,10.40,0.26,0.26,0.00,0.71,1.07,1.28,0.71,1.07,1.28,4,4,369.47,103.03,9.98,0.76,0.34,0.21,60.19
2025/08/07T08:58:18z,48:3f:da:2a:ee:34,7.04,3.0+OPENLOG+31954 MB+RV3028+BME68X+PMSX003-A+PMSX003-B,68,65,56,1006.71,0.00,8904,-50,1516739,1.00,1.28,2.32,1.00,1.28,2.32,5,5,333.63,87.16,10.00,2.42,1.11,0.79,1.18,1.58,1.75,1.18,1.58,1.75,7,7,405.00,112.48,10.17,0.72,0.32,0.23,59.79
2025/08/07T09:00:18z,48:3f:da:2a:ee:34,7.04,3.0+OPENLOG+31954 MB+RV3028+BME68X+PMSX003-A+PMSX003-B,68,66,56,1006.74,0.00,8904,-49,1516859,0.98,1.24,1.95,0.98,1.24,1.95,5,5,333.46,86.95,14.64,1.68,1.17,0.00,1.07,1.40,1.40,1.07,1.40,1.40,6,6,345.36,97.97,8.14,0.16,0.00,0.00,59.56
2025/08/07T09:02:18z,48:3f:da:2a:ee:34,7.04,3.0+OPENLOG+31954 MB+RV3028+BME68X+PMSX003-A+PMSX003-B,68,66,56,1006.71,0.00,8904,-50,1516979,0.66,1.26,1.98,0.66,1.26,1.98,5,5,336.26,97.45,12.21,1.09,1.09,0.52,1.59,1.98,2.34,1.59,1.98,2.34,8,8,384.05,112.61,9.55,0.70,0.43,0.43,59.42
2025/08/07T09:04:18z,48:3f:da:2a:ee:34,7.04,3.0+OPENLOG+31954 MB+RV3028+BME68X+PMSX003-A+PMSX003-B,68,65,56,1006.73,0.00,9160,-52,1517099,1.17,1.90,2.56,1.17,1.90,2.56,8,8,378.76,104.39,14.80,1.83,1.07,0.00,1.19,1.68,1.68,1.19,1.68,1.68,7,7,415.58,118.54,13.40,0.18,0.00,0.00,58.85
2025/08/07T09:06:18z,48:3f:da:2a:ee:34,7.04,3.0+OPENLOG+31954 MB+RV3028+BME68X+PMSX003-A+PMSX003-B,68,65,56,1006.77,0.00,8904,-51,1517219,1.24,2.10,2.10,1.24,2.10,2.10,9,9,368.38,108.78,14.17,0.62,0.00,0.00,1.31,1.69,1.69,1.31,1.69,1.69,7,7,379.37,108.15,12.66,0.00,0.00,0.00,58.24
2025/08/07T09:08:18z,48:3f:da:2a:ee:34,7.04,3.0+OPENLOG+31954 MB+RV3028+BME68X+PMSX003-A+PMSX003-B,68,66,56,1006.77,0.00,9160,-51,1517339,0.69,1.24,1.24,0.69,1.24,1.24,5,5,305.22,81.98,13.86,1.03,0.00,0.00,0.75,1.65,1.98,0.75,1.65,1.98,7,7,408.35,114.22,15.07,0.78,0.58,0.50,58.13
2025/08/07T09:10:18z,48:3f:da:2a:ee:34,7.04,3.0+OPENLOG+31954 MB+RV3028+BME68X+PMSX003-A+PMSX003-B,68,66,56,1006.78,0.00,8904,-50,1517459,0.80,1.44,2.14,0.80,1.44,2.14,6,6,358.32,99.00,10.12,1.98,1.07,0.51,1.33,1.58,2.30,1.33,1.58,2.30,7,7,399.89,116.32,13.21,1.16,0.91,0.30,57.45
2025/08/07T09:12:18z,48:3f:da:2a:ee:34,7.04,3.0+OPENLOG+31954 MB+RV3028+BME68X+PMSX003-A+PMSX003-B,69,66,57,1006.77,0.00,9160,-49,1517579,0.63,1.50,2.60,0.63,1.50,2.60,6,6,335.25,99.05,11.40,3.65,1.75,0.85,1.45,2.04,2.20,1.45,2.04,2.20,8,8,402.59,115.34,14.04,1.27,0.25,0.00,56.54
2025/08/07T09:14:18z,48:3f:da:2a:ee:34,7.04,3.0+OPENLOG+31954 MB+RV3028+BME68X+PMSX003-A+PMSX003-B,69,66,57,1006.79,0.00,9160,-52,1517699,1.32,2.00,3.54,1.32,2.00,3.54,8,8,378.96,107.14,16.82,2.68,2.68,0.32,1.22,1.73,1.98,1.22,1.73,1.98,7,7,344.75,98.86,9.00,1.22,0.44,0.36,55.52
2025/08/07T09:16:18z,48:3f:da:2a:ee:34,7.04,3.0+OPENLOG+31954 MB+RV3028+BME68X+PMSX003-A+PMSX003-B,69,66,57,1006.78,0.00,8904,-50,1517819,1.00,2.18,2.82,1.00,2.18,2.82,9,9,369.32,106.68,19.58,2.63,1.16,0.00,1.27,1.98,2.46,1.27,1.98,2.46,8,8,362.69,108.17,13.22,1.03,1.03,0.24,55.55
2025/08/07T09:18:18z,48:3f:da:2a:ee:34,7.04,3.0+OPENLOG+31954 MB+RV3028+BME68X+PMSX003-A+PMSX003-B,69,66,57,1006.77,0.00,8904,-49,1517939,0.78,1.60,2.50,0.78,1.60,2.50,7,7,346.50,96.55,13.60,2.55,1.30,0.50,0.79,1.00,1.35,0.79,1.00,1.35,4,4,345.84,100.18,10.11,0.63,0.40,0.40,54.97
2025/08/07T09:20:18z,48:3f:da:2a:ee:34,7.04,3.0+OPENLOG+31954 MB+RV3028+BME68X+PMSX003-A+PMSX003-B,68,66,56,1006.78,0.00,8904,-50,1518059,0.93,2.10,2.17,0.93,2.10,2.17,9,9,357.75,98.40,14.25,2.05,0.10,0.00,1.43,1.72,2.43,1.43,1.72,2.43,7,7,372.78,107.10,11.98,0.90,0.90,0.67,54.09
2025/08/07T09:22:18z,48:3f:da:2a:ee:34,7.04,3.0+OPENLOG+31954 MB+RV3028+BME68X+PMSX003-A+PMSX003-B,69,66,57,1006.79,0.00,8904,-53,1518179,0.91,1.74,2.48,0.91,1.74,2.48,7,7,363.88,105.00,11.48,2.74,1.29,0.00,1.63,2.46,3.27,1.63,2.46,3.27,10,10,427.07,120.56,19.64,2.44,1.32,0.88,54.42
2025/08/07T09:24:18z,48:3f:da:2a:ee:34,7.04,3.0+OPENLOG+31954 MB+RV3028+BME68X+PMSX003-A+PMSX003-B,68,67,56,1006.84,0.00,8904,-50,1518299,0.81,1.37,2.18,0.81,1.37,2.18,6,6,345.32,98.21,16.47,1.16,1.16,0.63,0.98,1.69,1.93,0.98,1.69,1.93,7,7,359.03,109.19,11.27,1.05,0.42,0.22,54.90
2025/08/07T09:26:18z,48:3f:da:2a:ee:34,7.04,3.0+OPENLOG+31954 MB+RV3028+BME68X+PMSX003-A+PMSX003-B,69,67,57,1006.83,0.00,8904,-49,1518419,1.08,1.61,3.14,1.08,1.61,3.14,7,7,366.10,104.24,14.03,2.85,2.14,1.02,1.47,1.79,2.47,1.47,1.79,2.47,7,7,402.63,115.96,13.68,0.96,0.96,0.65,54.61
2025/08/07T09:28:18z,48:3f:da:2a:ee:34,7.04,3.0+OPENLOG+31954 MB+RV3028+BME68X+PMSX003-A+PMSX003-B,68,67,56,1006.80,0.00,9160,-53,1518539,1.43,2.12,3.45,1.43,2.12,3.45,9,9,380.85,111.40,20.85,3.30,2.00,0.75,1.85,2.20,2.75,1.85,2.20,2.75,9,9,430.53,125.89,15.27,1.27,0.85,0.35,54.42
2025/08/07T09:30:18z,48:3f:da:2a:ee:34,7.04,3.0+OPENLOG+31954 MB+RV3028+BME68X+PMSX003-A+PMSX003-B,68,67,56,1006.82,0.00,8904,-50,1518659,0.81,1.56,2.25,0.81,1.56,2.25,7,7,354.16,95.68,13.53,1.32,0.95,0.58,1.19,1.64,1.88,1.19,1.64,1.88,7,7,386.44,108.64,14.17,0.46,0.24,0.07,55.36
2025/08/07T09:32:18z,48:3f:da:2a:ee:34,7.04,3.0+OPENLOG+31954 MB+RV3028+BME68X+PMSX003-A+PMSX003-B,68,67,56,1006.80,0.00,9160,-52,1518779,1.09,2.32,2.77,1.09,2.32,2.77,10,10,365.14,100.45,23.62,1.98,0.86,0.00,1.52,2.12,2.31,1.52,2.12,2.31,9,9,376.76,110.60,13.95,0.66,0.24,0.24,54.85
2025/08/07T09:34:18z,48:3f:da:2a:ee:34,7.04,3.0+OPENLOG+31954 MB+RV3028+BME68X+PMSX003-A+PMSX003-B,68,67,56,1006.75,0.00,8904,-50,1518899,1.02,1.58,3.36,1.02,1.58,3.36,7,7,365.64,102.61,15.76,2.64,2.64,0.56,1.05,1.59,1.59,1.05,1.59,1.59,7,7,375.10,106.81,12.49,0.22,0.00,0.00,54.64
2025/08/07T09:36:18z,48:3f:da:2a:ee:34,7.04,3.0+OPENLOG+31954 MB+RV3028+BME68X+PMSX003-A+PMSX003-B,68,67,56,1006.75,0.00,8904,-51,1519019,1.03,1.68,1.95,1.03,1.68,1.95,7,7,402.86,117.56,13.93,1.22,0.66,0.00,1.07,1.44,1.74,1.07,1.44,1.74,6,6,381.05,107.56,8.56,0.65,0.65,0.40,54.59
2025/08/07T09:38:18z,48:3f:da:2a:ee:34,7.04,3.0+OPENLOG+31954 MB+RV3028+BME68X+PMSX003-A+PMSX003-B,68,67,56,1006.73,0.00,8904,-49,1519139,1.02,2.17,3.05,1.02,2.17,3.05,9,9,413.85,111.25,19.07,2.85,1.07,1.07,1.32,2.04,2.19,1.32,2.04,2.19,8,8,405.42,120.04,13.63,0.98,0.16,0.16,55.17
2025/08/07T09:40:18z,48:3f:da:2a:ee:34,7.04,3.0+OPENLOG+31954 MB+RV3028+BME68X+PMSX003-A+PMSX003-B,68,67,56,1006.80,0.00,8904,-50,1519259,1.14,1.96,3.12,1.14,1.96,3.12,8,8,397.93,105.86,16.12,1.66,1.66,1.12,1.46,1.92,2.22,1.46,1.92,2.22,8,8,418.37,123.37,12.02,0.75,0.32,0.32,54.92
2025/08/07T09:42:18z,48:3f:da:2a:ee:34,7.04,3.0+OPENLOG+31954 MB+RV3028+BME68X+PMSX003-A+PMSX003-B,68,67,56,1006.82,0.00,9160,-50,1519379,1.12,1.77,3.72,1.12,1.77,3.72,7,7,372.32,101.16,15.84,3.47,2.26,1.26,1.64,1.95,2.14,1.64,1.95,2.14,8,8,392.69,114.26,14.43,0.19,0.19,0.19,54.69
2025/08/07T09:44:19z,48:3f:da:2a:ee:34,7.04,3.0+OPENLOG+31954 MB+RV3028+BME68X+PMSX003-A+PMSX003-B,69,66,57,1006.78,0.00,8992,-52,1519499,0.93,1.54,3.24,0.93,1.54,3.24,6,6,349.98,99.86,14.64,3.76,2.24,1.22,1.57,2.23,2.52,1.57,2.23,2.52,9,9,453.38,131.23,15.07,0.80,0.43,0.21,54.43
2025/08/07T09:46:19z,48:3f:da:2a:ee:34,7.04,3.0+OPENLOG+31954 MB+RV3028+BME68X+PMSX003-A+PMSX003-B,68,66,56,1006.80,0.00,8736,-52,1519619,1.38,2.30,2.73,1.38,2.30,2.73,10,10,416.09,115.82,20.68,2.04,0.64,0.64,1.42,1.73,2.14,1.42,1.73,2.14,7,7,403.02,115.20,8.07,0.47,0.47,0.47,53.71
2025/08/07T09:48:19z,48:3f:da:2a:ee:34,7.04,3.0+OPENLOG+31954 MB+RV3028+BME68X+PMSX003-A+PMSX003-B,68,66,56,1006.83,0.00,8904,-52,1519739,1.14,2.32,3.02,1.14,2.32,3.02,10,10,401.80,113.95,14.44,2.54,1.22,0.51,1.78,2.09,2.60,1.78,2.09,2.60,9,9,430.60,125.78,12.86,0.83,0.83,0.60,53.78
2025/08/07T09:50:19z,48:3f:da:2a:ee:34,7.04,3.0+OPENLOG+31954 MB+RV3028+BME68X+PMSX003-A+PMSX003-B,68,66,56,1006.83,0.00,9160,-50,1519859,1.00,1.69,1.69,1.00,1.69,1.69,7,7,338.95,91.98,13.27,0.66,0.00,0.00,1.61,2.07,2.32,1.61,2.07,2.32,9,9,414.11,117.98,14.86,0.28,0.28,0.28,53.75
2025/08/07T09:52:19z,48:3f:da:2a:ee:34,7.04,3.0+OPENLOG+31954 MB+RV3028+BME68X+PMSX003-A+PMSX003-B,68,66,56,1006.79,0.00,9160,-53,1519979,1.09,1.79,2.30,1.09,1.79,2.30,7,7,397.42,112.11,16.63,1.84,0.68,0.68,1.17,2.07,2.36,1.17,2.07,2.36,9,9,417.76,117.36,16.88,1.14,0.42,0.42,54.10
2025/08/07T09:54:19z,48:3f:da:2a:ee:34,7.04,3.0+OPENLOG+31954 MB+RV3028+BME68X+PMSX003-A+PMSX003-B,68,66,56,1006.75,0.00,8904,-51,1520099,1.12,1.88,3.44,1.12,1.88,3.44,8,8,369.16,103.68,16.05,3.00,2.21,1.42,1.76,2.31,2.88,1.76,2.31,2.88,10,10,408.78,121.14,16.95,1.57,0.50,0.31,54.01
2025/08/07T09:56:19z,48:3f:da:2a:ee:34,7.04,3.0+OPENLOG+31954 MB+RV3028+BME68X+PMSX003-A+PMSX003-B,68,67,56,1006.73,0.00,8904,-50,1520219,1.22,2.33,2.33,1.22,2.33,2.33,10,10,391.19,111.26,12.78,1.97,0.00,0.00,1.65,1.95,2.37,1.65,1.95,2.37,8,8,398.84,118.61,12.88,0.93,0.60,0.39,54.21
2025/08/07T09:58:19z,48:3f:da:2a:ee:34,7.04,3.0+OPENLOG+31954 MB+RV3028+BME68X+PMSX003-A+PMSX003-B,68,67,56,1006.73,0.00,9160,-52,1520339,1.20,2.03,3.72,1.20,2.03,3.72,8,8,388.35,110.75,16.00,3.40,2.65,1.25,1.55,2.18,2.43,1.55,2.18,2.43,9,9,406.77,120.23,13.93,1.07,0.64,0.45,54.00
2025/08/07T10:00:19z,48:3f:da:2a:ee:34,7.04,3.0+OPENLOG+31954 MB+RV3028+BME68X+PMSX003-A+PMSX003-B,68,67,56,1006.72,0.00,8904,-50,1520459,0.86,1.81,3.04,0.86,1.81,3.04,8,8,356.21,106.84,16.26,2.37,1.58,1.21,1.10,1.55,1.86,1.10,1.55,1.86,6,6,362.38,105.57,11.31,0.33,0.33,0.33,54.28
2025/08/07T10:02:19z,48:3f:da:2a:ee:34,7.04,3.0+OPENLOG+31954 MB+RV3028+BME68X+PMSX003-A+PMSX003-B,68,66,56,1006.75,0.00,9160,-49,1520579,1.49,2.65,3.42,1.49,2.65,3.42,11,11,439.11,127.37,18.16,2.84,1.05,0.74,1.68,1.92,2.71,1.68,1.92,2.71,8,8,410.24,119.17,15.46,1.29,0.81,0.58,54.75
2025/08/07T10:04:19z,48:3f:da:2a:ee:34,7.04,3.0+OPENLOG+31954 MB+RV3028+BME68X+PMSX003-A+PMSX003-B,67,67,55,1006.80,0.00,9160,-52,1520699,1.47,2.08,2.81,1.47,2.08,2.81,9,9,434.59,119.49,19.47,1.12,1.12,0.61,1.78,2.38,2.73,1.78,2.38,2.73,10,10,463.25,132.17,18.90,1.07,0.43,0.22,54.44
2025/08/07T10:06:19z,48:3f:da:2a:ee:34,7.04,3.0+OPENLOG+31954 MB+RV3028+BME68X+PMSX003-A+PMSX003-B,67,67,56,1006.82,0.00,8904,-49,1520819,1.41,2.25,3.10,1.41,2.25,3.10,9,9,430.32,126.15,10.58,2.14,1.27,0.56,2.21,3.04,4.27,2.21,3.04,4.27,13,13,510.11,150.89,19.43,2.39,1.93,1.36,55.40
2025/08/07T10:08:19z,48:3f:da:2a:ee:34,7.04,3.0+OPENLOG+31954 MB+RV3028+BME68X+PMSX003-A+PMSX003-B,67,67,56,1006.82,0.00,8904,-49,1520939,1.63,2.20,3.08,1.63,2.20,3.08,9,9,409.42,115.02,13.37,2.34,1.32,0.76,1.49,2.12,2.49,1.49,2.12,2.49,9,9,385.68,112.30,14.82,0.65,0.46,0.32,54.84
2025/08/07T10:10:19z,48:3f:da:2a:ee:34,7.04,3.0+OPENLOG+31954 MB+RV3028+BME68X+PMSX003-A+PMSX003-B,67,67,55,1006.82,0.00,9160,-50,1521059,1.47,2.02,3.09,1.47,2.02,3.09,8,8,407.05,110.58,14.53,2.05,1.37,0.58,1.29,1.78,1.79,1.29,1.78,1.79,7,7,409.76,114.45,10.71,0.43,0.19,0.19,54.35
2025/08/07T10:12:19z,48:3f:da:2a:ee:34,7.04,3.0+OPENLOG+31954 MB+RV3028+BME68X+PMSX003-A+PMSX003-B,68,67,56,1006.84,0.00,8904,-50,1521179,1.11,1.58,3.14,1.11,1.58,3.14,7,7,363.63,99.89,12.11,2.21,2.21,1.95,1.54,2.46,2.80,1.54,2.46,2.80,10,10,465.36,134.22,22.61,0.98,0.44,0.44,54.30
2025/08/07T10:14:19z,48:3f:da:2a:ee:34,7.04,3.0+OPENLOG+31954 MB+RV3028+BME68X+PMSX003-A+PMSX003-B,67,67,55,1006.87,0.00,8904,-51,1521299,1.37,1.97,4.51,1.37,1.97,4.51,8,8,444.20,119.03,15.15,5.14,3.66,2.14,1.95,2.91,3.40,1.95,2.91,3.40,12,12,482.07,139.33,23.91,1.16,0.78,0.51,54.66
2025/08/07T10:16:19z,48:3f:da:2a:ee:34,7.04,3.0+OPENLOG+31954 MB+RV3028+BME68X+PMSX003-A+PMSX003-B,68,66,56,1006.84,0.00,8904,-49,1521419,1.56,2.54,3.08,1.56,2.54,3.08,11,11,470.75,121.73,22.27,2.34,0.51,0.51,1.52,2.07,2.52,1.52,2.07,2.52,9,9,397.03,115.84,12.95,0.93,0.78,0.38,54.49
2025/08/07T10:18:19z,48:3f:da:2a:ee:34,7.04,3.0+OPENLOG+31954 MB+RV3028+BME68X+PMSX003-A+PMSX003-B,67,66,55,1006.86,0.00,8904,-53,1521539,1.61,2.39,3.18,1.61,2.39,3.18,10,10,447.27,122.46,16.45,1.71,1.18,0.59,1.90,2.21,2.55,1.90,2.21,2.55,9,9,472.09,136.34,14.22,0.84,0.59,0.43,55.09
2025/08/07T10:20:19z,48:3f:da:2a:ee:34,7.04,3.0+OPENLOG+31954 MB+RV3028+BME68X+PMSX003-A+PMSX003-B,68,66,56,1006.87,0.00,8904,-52,1521659,1.61,2.11,3.75,1.61,2.11,3.75,9,9,436.74,122.79,12.26,2.84,2.21,1.89,1.90,2.29,2.95,1.90,2.29,2.95,10,10,447.56,132.19,14.83,1.29,0.86,0.20,54.86
2025/08/07T10:22:19z,48:3f:da:2a:ee:34,7.04,3.0+OPENLOG+31954 MB+RV3028+BME68X+PMSX003-A+PMSX003-B,67,66,55,1006.89,0.00,8904,-49,1521779,1.17,1.80,2.27,1.17,1.80,2.27,7,7,357.71,107.39,14.03,0.97,0.97,0.00,2.16,2.78,2.97,2.16,2.78,2.97,12,12,480.31,140.62,18.40,0.83,0.24,0.05,54.72
2025/08/07T10:24:19z,48:3f:da:2a:ee:34,7.04,3.0+OPENLOG+31954 MB+RV3028+BME68X+PMSX003-A+PMSX003-B,68,66,56,1006.89,0.00,8904,-50,1521899,1.07,2.16,4.14,1.07,2.16,4.14,9,9,402.52,108.05,18.93,3.78,2.84,2.33,1.88,2.57,3.07,1.88,2.57,3.07,11,11,464.95,138.66,18.21,1.77,0.62,0.39,54.47
2025/08/07T10:26:19z,48:3f:da:2a:ee:34,7.04,3.0+OPENLOG+31954 MB+RV3028+BME68X+PMSX003-A+PMSX003-B,67,66,55,1006.90,0.00,8904,-49,1522019,1.48,2.24,2.60,1.48,2.24,2.60,9,9,438.52,124.24,14.43,0.98,0.52,0.52,2.13,2.72,2.93,2.13,2.72,2.93,11,11,480.05,137.25,16.70,0.43,0.22,0.22,55.17
2025/08/07T10:28:19z,48:3f:da:2a:ee:34,7.04,3.0+OPENLOG+31954 MB+RV3028+BME68X+PMSX003-A+PMSX003-B,67,66,55,1006.92,0.00,8904,-51,1522139,1.02,1.89,4.35,1.02,1.89,4.35,8,8,376.42,108.68,19.21,3.53,3.53,2.74,1.90,2.19,2.51,1.90,2.19,2.51,9,9,431.95,122.32,13.61,1.00,0.22,0.22,55.30
2025/08/07T10:30:19z,48:3f:da:2a:ee:34,7.04,3.0+OPENLOG+31954 MB+RV3028+BME68X+PMSX003-A+PMSX003-B,67,67,55,1006.96,0.00,8904,-49,1522259,1.22,2.16,3.38,1.22,2.16,3.38,9,9,412.40,118.14,21.88,3.36,1.40,0.93,2.03,2.74,2.93,2.03,2.74,2.93,11,11,494.53,146.17,16.93,1.10,0.33,0.16,56.58
2025/08/07T10:32:19z,48:3f:da:2a:ee:34,7.04,3.0+OPENLOG+31954 MB+RV3028+BME68X+PMSX003-A+PMSX003-B,67,67,55,1006.96,0.00,8904,-51,1522379,1.17,2.30,2.67,1.17,2.30,2.67,10,10,383.70,109.15,14.20,2.60,0.25,0.25,2.00,2.33,2.77,2.00,2.33,2.77,10,10,471.84,140.70,15.77,0.72,0.47,0.47,56.75
2025/08/07T10:34:19z,48:3f:da:2a:ee:34,7.04,3.0+OPENLOG+31954 MB+RV3028+BME68X+PMSX003-A+PMSX003-B,67,67,55,1006.98,0.00,9160,-50,1522499,1.45,2.55,3.55,1.45,2.55,3.55,11,11,442.86,126.00,18.05,1.86,1.29,1.29,1.95,2.51,2.82,1.95,2.51,2.82,10,10,489.37,135.75,14.79,1.33,0.67,0.40,57.20
2025/08/07T10:36:19z,48:3f:da:2a:ee:34,7.04,3.0+OPENLOG+31954 MB+RV3028+BME68X+PMSX003-A+PMSX003-B,67,67,55,1007.03,0.00,9160,-51,1522619,1.62,2.09,2.77,1.62,2.09,2.77,9,9,447.86,119.30,16.88,1.07,1.02,1.02,1.67,2.16,2.34,1.67,2.16,2.34,9,9,450.62,131.57,12.03,0.64,0.40,0.19,57.27
2025/08/07T10:38:19z,48:3f:da:2a:ee:34,7.04,3.0+OPENLOG+31954 MB+RV3028+BME68X+PMSX003-A+PMSX003-B,67,66,55,1007.07,0.00,8904,-49,1522739,1.12,2.00,4.98,1.12,2.00,4.98,8,8,410.59,110.69,21.62,5.02,4.29,2.33,1.59,2.36,3.00,1.59,2.36,3.00,10,10,449.22,134.60,19.38,1.57,0.60,0.60,59.24
2025/08/07T10:40:19z,48:3f:da:2a:ee:34,7.04,3.0+OPENLOG+31954 MB+RV3028+BME68X+PMSX003-A+PMSX003-B,67,66,55,1007.10,0.00,9160,-50,1522859,2.00,3.00,4.15,2.00,3.00,4.15,13,13,491.19,134.90,23.03,3.41,2.24,0.10,1.75,2.47,2.84,1.75,2.47,2.84,10,10,434.74,127.60,18.05,1.11,0.60,0.11,56.60
2025/08/07T10:42:19z,48:3f:da:2a:ee:34,7.04,3.0+OPENLOG+31954 MB+RV3028+BME68X+PMSX003-A+PMSX003-B,67,66,55,1007.13,0.00,9160,-53,1522979,1.34,2.27,2.93,1.34,2.27,2.93,9,9,449.75,123.36,16.47,1.63,1.07,0.51,1.93,2.35,2.98,1.93,2.35,2.98,10,10,443.53,126.89,14.79,1.05,0.88,0.63,56.87
2025/08/07T10:44:19z,48:3f:da:2a:ee:34,7.04,3.0+OPENLOG+31954 MB+RV3028+BME68X+PMSX003-A+PMSX003-B,67,66,55,1007.12,0.00,8736,-52,1523100,0.98,1.68,2.72,0.98,1.68,2.72,7,7,358.16,100.95,15.16,1.84,1.32,1.21,1.75,2.34,2.78,1.75,2.34,2.78,10,10,464.59,139.76,13.97,1.36,0.68,0.47,57.30
2025/08/07T10:46:19z,48:3f:da:2a:ee:34,7.04,3.0+OPENLOG+31954 MB+RV3028+BME68X+PMSX003-A+PMSX003-B,67,66,55,1007.15,0.00,8736,-48,1523220,1.40,2.30,3.45,1.40,2.30,3.45,10,10,420.60,117.50,14.15,2.30,1.70,0.60,1.91,2.31,3.22,1.91,2.31,3.22,10,10,469.56,137.89,15.35,1.54,0.72,0.72,57.08
2025/08/07T10:48:19z,48:3f:da:2a:ee:34,7.04,3.0+OPENLOG+31954 MB+RV3028+BME68X+PMSX003-A+PMSX003-B,67,67,55,1007.16,0.00,8904,-50,1523340,1.23,2.12,2.86,1.23,2.12,2.86,9,9,390.16,102.63,18.16,3.32,1.32,0.00,1.77,2.80,3.33,1.77,2.80,3.33,12,12,509.75,140.47,21.60,1.25,0.88,0.80,56.55
2025/08/07T10:50:19z,48:3f:da:2a:ee:34,7.04,3.0+OPENLOG+31954 MB+RV3028+BME68X+PMSX003-A+PMSX003-B,67,66,55,1007.11,0.00,9160,-49,1523460,1.27,2.09,2.09,1.27,2.09,2.09,9,9,421.55,113.89,15.43,0.54,0.00,0.00,1.43,2.30,3.13,1.43,2.30,3.13,10,10,430.50,126.80,17.92,1.68,1.18,0.83,56.68
2025/08/07T10:52:19z,48:3f:da:2a:ee:34,7.04,3.0+OPENLOG+31954 MB+RV3028+BME68X+PMSX003-A+PMSX003-B,67,66,55,1006.93,0.00,9160,-50,1523580,1.32,2.32,3.54,1.32,2.32,3.54,10,10,411.56,115.37,16.37,4.02,1.68,0.97,2.04,2.61,2.95,2.04,2.61,2.95,11,11,486.79,142.68,15.21,0.89,0.39,0.39,56.77
2025/08/07T10:54:19z,48:3f:da:2a:ee:34,7.04,3.0+OPENLOG+31954 MB+RV3028+BME68X+PMSX003-A+PMSX003-B,67,67,55,1006.80,0.00,9160,-49,1523700,1.79,2.40,4.84,1.79,2.40,4.84,10,10,431.43,117.67,22.86,4.19,3.67,1.50,1.80,2.58,3.25,1.80,2.58,3.25,11,11,460.91,138.16,19.02,1.51,1.13,0.62,56.60
2025/08/07T10:56:19z,48:3f:da:2a:ee:34,7.04,3.0+OPENLOG+31954 MB+RV3028+BME68X+PMSX003-A+PMSX003-B,66,67,54,1006.73,0.00,8904,-49,1523820,1.49,2.19,5.37,1.49,2.19,5.37,9,9,449.47,126.75,19.16,4.32,4.26,3.05,2.05,2.49,2.75,2.05,2.49,2.75,10,10,459.51,134.83,13.95,0.31,0.25,0.25,56.28
2025/08/07T10:58:19z,48:3f:da:2a:ee:34,7.04,3.0+OPENLOG+31954 MB+RV3028+BME68X+PMSX003-A+PMSX003-B,67,67,56,1006.75,0.00,9160,-48,1523940,1.59,2.45,5.40,1.59,2.45,5.40,10,10,499.66,133.34,20.59,5.22,3.88,2.48,1.59,2.19,2.68,1.59,2.19,2.68,9,9,446.39,130.73,18.22,1.36,0.76,0.24,56.20
2025/08/07T11:00:19z,48:3f:da:2a:ee:34,7.04,3.0+OPENLOG+31954 MB+RV3028+BME68X+PMSX003-A+PMSX003-B,67,67,56,1006.75,0.00,8904,-49,1524060,1.40,2.16,3.17,1.40,2.16,3.17,9,9,392.43,110.07,15.36,2.38,1.03,1.03,1.75,2.32,2.73,1.75,2.32,2.73,10,10,420.15,127.93,18.42,1.29,0.37,0.14,55.87
2025/08/07T11:02:19z,48:3f:da:2a:ee:34,7.04,3.0+OPENLOG+31954 MB+RV3028+BME68X+PMSX003-A+PMSX003-B,67,66,55,1006.74,0.00,8904,-51,1524180,1.46,2.07,4.44,1.46,2.07,4.44,9,9,443.29,118.22,16.93,3.51,3.51,2.14,1.98,2.11,3.27,1.98,2.11,3.27,9,9,435.38,123.51,13.95,1.69,1.25,1.04,55.62
2025/08/07T11:04:19z,48:3f:da:2a:ee:34,7.04,3.0+OPENLOG+31954 MB+RV3028+BME68X+PMSX003-A+PMSX003-B,67,66,55,1006.72,0.00,8904,-48,1524300,1.47,2.66,4.33,1.47,2.66,4.33,11,11,428.59,125.07,22.09,3.57,2.33,1.60,1.09,1.76,1.90,1.09,1.76,1.90,7,7,393.36,115.60,14.03,0.52,0.19,0.19,54.92
2025/08/07T11:06:19z,48:3f:da:2a:ee:34,7.04,3.0+OPENLOG+31954 MB+RV3028+BME68X+PMSX003-A+PMSX003-B,67,66,55,1006.71,0.00,8904,-50,1524420,1.29,2.39,3.11,1.29,2.39,3.11,10,10,412.39,109.39,16.88,2.62,1.07,0.54,1.81,2.16,2.53,1.81,2.16,2.53,9,9,430.97,126.64,13.53,1.21,0.41,0.41,55.84
2025/08/07T11:08:19z,48:3f:da:2a:ee:34,7.04,3.0+OPENLOG+31954 MB+RV3028+BME68X+PMSX003-A+PMSX003-B,67,66,55,1006.77,0.00,8904,-50,1524540,1.65,2.49,4.56,1.65,2.49,4.56,10,10,408.00,120.79,16.58,3.26,2.68,2.11,1.90,2.40,2.59,1.90,2.40,2.59,10,10,448.60,135.17,14.84,0.47,0.28,0.09,55.66
2025/08/07T11:10:19z,48:3f:da:2a:ee:34,7.04,3.0+OPENLOG+31954 MB+RV3028+BME68X+PMSX003-A+PMSX003-B,66,66,54,1006.77,0.00,8904,-49,1524660,1.12,2.37,3.54,1.12,2.37,3.54,10,10,383.34,104.19,21.36,3.86,1.98,0.36,1.14,1.84,2.36,1.14,1.84,2.36,8,8,420.43,126.02,12.43,1.00,0.52,0.52,55.33
2025/08/07T11:12:19z,48:3f:da:2a:ee:34,7.04,3.0+OPENLOG+31954 MB+RV3028+BME68X+PMSX003-A+PMSX003-B,66,67,54,1006.86,0.00,9160,-49,1524780,1.07,2.19,3.51,1.07,2.19,3.51,9,9,383.95,111.81,21.66,1.73,1.73,1.73,1.79,2.35,2.68,1.79,2.35,2.68,10,10,441.00,127.23,15.19,0.81,0.61,0.30,55.28
2025/08/07T11:14:19z,48:3f:da:2a:ee:34,7.04,3.0+OPENLOG+31954 MB+RV3028+BME68X+PMSX003-A+PMSX003-B,66,67,55,1006.87,0.00,9160,-47,1524900,1.32,2.25,4.61,1.32,2.25,4.61,9,9,425.37,117.63,20.53,4.47,3.79,1.16,1.88,2.22,2.90,1.88,2.22,2.90,9,9,444.20,129.53,13.55,0.83,0.80,0.50,55.15
2025/08/07T11:16:19z,48:3f:da:2a:ee:34,7.04,3.0+OPENLOG+31954 MB+RV3028+BME68X+PMSX003-A+PMSX003-B,67,67,55,1006.94,0.00,9160,-49,1525020,1.47,2.39,2.67,1.47,2.39,2.67,10,10,419.84,117.95,19.26,1.16,0.58,0.00,1.61,2.37,2.85,1.61,2.37,2.85,10,10,439.83,125.02,17.47,1.64,0.73,0.31,55.01
2025/08/07T11:18:19z,48:3f:da:2a:ee:34,7.04,3.0+OPENLOG+31954 MB+RV3028+BME68X+PMSX003-A+PMSX003-B,66,66,54,1006.99,0.00,8904,-48,1525140,1.26,1.90,2.60,1.26,1.90,2.60,8,8,363.72,104.33,15.83,0.98,0.98,0.62,1.54,1.98,2.51,1.54,1.98,2.51,8,8,452.32,131.67,13.49,1.32,0.79,0.61,54.97
2025/08/07T11:20:19z,48:3f:da:2a:ee:34,7.04,3.0+OPENLOG+31954 MB+RV3028+BME68X+PMSX003-A+PMSX003-B,66,67,54,1007.06,0.00,9160,-50,1525260,1.80,2.47,4.41,1.80,2.47,4.41,10,10,461.54,130.53,20.80,3.10,2.59,1.68,2.21,2.91,3.38,2.21,2.91,3.38,12,12,494.04,146.82,18.16,1.11,0.48,0.25,55.37
2025/08/07T11:22:19z,48:3f:da:2a:ee:34,7.04,3.0+OPENLOG+31954 MB+RV3028+BME68X+PMSX003-A+PMSX003-B,67,67,55,1007.05,0.00,8904,-48,1525380,1.34,2.02,4.45,1.34,2.02,4.45,8,8,399.70,108.86,18.96,4.45,3.59,1.55,2.20,2.97,3.40,2.20,2.97,3.40,12,12,501.50,147.78,17.63,1.12,0.38,0.20,55.99
2025/08/07T11:24:19z,48:3f:da:2a:ee:34,7.04,3.0+OPENLOG+31954 MB+RV3028+BME68X+PMSX003-A+PMSX003-B,67,66,55,1007.08,0.00,8904,-50,1525500,0.98,1.75,4.66,0.98,1.75,4.66,7,7,387.00,105.32,18.64,5.04,3.11,2.36,1.80,2.47,3.08,1.80,2.47,3.08,10,10,462.61,130.98,17.36,1.68,0.71,0.44,56.36
2025/08/07T11:26:19z,48:3f:da:2a:ee:34,7.04,3.0+OPENLOG+31954 MB+RV3028+BME68X+PMSX003-A+PMSX003-B,66,67,54,1007.08,0.00,8904,-48,1525620,1.31,2.56,4.12,1.31,2.56,4.12,11,11,444.56,116.08,19.17,4.27,1.98,1.27,1.56,2.21,2.93,1.56,2.21,2.93,9,9,470.21,137.56,16.12,1.72,1.07,0.49,57.78
2025/08/07T11:28:19z,48:3f:da:2a:ee:34,7.04,3.0+OPENLOG+31954 MB+RV3028+BME68X+PMSX003-A+PMSX003-B,66,67,54,1007.07,0.00,8904,-51,1525740,1.10,2.31,2.55,1.10,2.31,2.55,10,10,380.48,107.64,15.36,2.33,0.62,0.00,1.46,1.96,2.89,1.46,1.96,2.89,8,8,428.79,122.41,13.46,1.54,1.04,0.88,57.40
2025/08/07T11:30:19z,48:3f:da:2a:ee:34,7.04,3.0+OPENLOG+31954 MB+RV3028+BME68X+PMSX003-A+PMSX003-B,67,67,55,1007.03,0.00,9160,-50,1525860,1.40,2.29,4.74,1.40,2.29,4.74,10,10,423.47,119.38,19.45,3.93,3.31,2.59,1.91,2.03,2.67,1.91,2.03,2.67,8,8,477.93,135.90,15.83,0.84,0.71,0.69,57.63
2025/08/07T11:32:19z,48:3f:da:2a:ee:34,7.04,3.0+OPENLOG+31954 MB+RV3028+BME68X+PMSX003-A+PMSX003-B,67,66,55,1006.99,0.00,8904,-51,1525980,1.91,2.96,4.29,1.91,2.96,4.29,12,12,456.87,133.96,18.82,4.09,2.45,0.55,1.64,2.10,2.86,1.64,2.10,2.86,9,9,400.14,114.64,14.69,1.41,1.09,0.93,57.28
2025/08/07T11:34:19z,48:3f:da:2a:ee:34,7.04,3.0+OPENLOG+31954 MB+RV3028+BME68X+PMSX003-A+PMSX003-B,67,66,55,1007.01,0.00,9160,-47,1526100,1.43,2.36,4.10,1.43,2.36,4.10,10,10,430.60,120.98,18.88,3.83,2.53,1.09,1.72,2.46,2.89,1.72,2.46,2.89,10,10,446.42,130.53,16.61,1.28,0.42,0.30,56.96
2025/08/07T11:36:19z,48:3f:da:2a:ee:34,7.04,3.0+OPENLOG+31954 MB+RV3028+BME68X+PMSX003-A+PMSX003-B,67,66,55,1007.07,0.00,8904,-47,1526220,1.19,2.10,2.64,1.19,2.10,2.64,9,9,372.20,104.14,15.86,1.02,1.02,0.00,1.43,1.93,2.57,1.43,1.93,2.57,8,8,424.77,120.43,13.00,0.96,0.73,0.62,57.19
2025/08/07T11:38:19z,48:3f:da:2a:ee:34,7.04,3.0+OPENLOG+31954 MB+RV3028+BME68X+PMSX003-A+PMSX003-B,67,65,55,1007.02,0.00,9160,-50,1526340,1.00,1.97,2.66,1.00,1.97,2.66,8,8,371.59,101.07,17.64,1.24,1.24,0.52,1.29,2.00,2.53,1.29,2.00,2.53,8,8,387.10,117.05,13.95,1.76,0.57,0.38,57.02
2025/08/07T11:40:19z,48:3f:da:2a:ee:34,7.04,3.0+OPENLOG+31954 MB+RV3028+BME68X+PMSX003-A+PMSX003-B,67,65,55,1007.04,0.00,8904,-49,1526460,1.04,1.95,3.44,1.04,1.95,3.44,8,8,393.22,103.91,17.45,2.24,2.24,1.47,1.55,2.17,2.72,1.55,2.17,2.72,9,9,398.85,118.12,17.22,1.40,1.03,0.55,56.92
2025/08/07T11:42:19z,48:3f:da:2a:ee:34,7.04,3.0+OPENLOG+31954 MB+RV3028+BME68X+PMSX003-A+PMSX003-B,66,65,54,1007.09,0.00,8904,-49,1526580,1.10,1.64,4.79,1.10,1.64,4.79,7,7,360.78,103.86,15.47,4.29,4.29,3.26,1.24,1.93,2.93,1.24,1.93,2.93,8,8,369.41,108.53,13.93,2.07,1.44,1.29,57.08
2025/08/07T11:44:20z,48:3f:da:2a:ee:34,7.04,3.0+OPENLOG+31954 MB+RV3028+BME68X+PMSX003-A+PMSX003-B,66,65,54,1007.11,0.00,8736,-49,1526700,0.86,1.76,3.51,0.86,1.76,3.51,7,7,331.93,93.41,18.31,3.66,2.64,1.42,1.16,1.52,1.75,1.16,1.52,1.75,6,6,388.66,113.43,10.48,0.23,0.23,0.23,57.20
2025/08/07T11:46:20z,48:3f:da:2a:ee:34,7.04,3.0+OPENLOG+31954 MB+RV3028+BME68X+PMSX003-A+PMSX003-B,66,65,54,1007.17,0.00,8736,-50,1526820,1.23,1.98,3.47,1.23,1.98,3.47,8,8,391.11,103.47,15.42,2.74,2.00,2.00,0.97,1.48,1.88,0.97,1.48,1.88,6,6,370.50,110.17,9.75,0.78,0.53,0.37,57.62
2025/08/07T11:48:20z,48:3f:da:2a:ee:34,7.04,3.0+OPENLOG+31954 MB+RV3028+BME68X+PMSX003-A+PMSX003-B,67,65,55,1007.13,0.00,9160,-50,1526940,0.57,1.16,2.52,0.54,1.16,2.52,5,5,270.44,72.34,12.00,2.61,1.87,1.38,0.98,1.61,1.88,0.98,1.61,1.88,7,7,371.26,106.95,12.74,0.89,0.26,0.26,57.79
2025/08/07T11:50:20z,48:3f:da:2a:ee:34,7.04,3.0+OPENLOG+31954 MB+RV3028+BME68X+PMSX003-A+PMSX003-B,66,64,53,1007.10,0.00,8904,-50,1527060,0.70,1.70,2.68,0.70,1.70,2.68,7,7,300.15,84.85,16.20,2.90,1.90,0.00,0.91,1.75,1.93,0.91,1.75,1.93,7,7,355.16,99.93,13.60,1.33,0.25,0.25,58.11
2025/08/07T11:52:20z,48:3f:da:2a:ee:34,7.04,3.0+OPENLOG+31954 MB+RV3028+BME68X+PMSX003-A+PMSX003-B,67,64,54,1007.11,0.00,8904,-50,1527180,0.46,1.07,2.30,0.46,1.07,2.30,4,4,274.42,78.58,13.05,1.79,1.47,1.47,1.03,1.43,1.64,1.03,1.43,1.64,6,6,366.41,104.03,10.02,0.57,0.21,0.21,57.16
2025/08/07T11:54:20z,48:3f:da:2a:ee:34,7.04,3.0+OPENLOG+31954 MB+RV3028+BME68X+PMSX003-A+PMSX003-B,67,64,54,1007.08,0.00,8904,-50,1527300,0.91,2.09,2.81,0.91,2.09,2.81,9,9,324.95,92.37,13.53,2.95,0.79,0.79,1.00,1.66,2.56,1.00,1.66,2.56,7,7,351.76,103.73,9.66,1.81,1.32,0.98,57.60
2025/08/07T11:56:20z,48:3f:da:2a:ee:34,7.04,3.0+OPENLOG+31954 MB+RV3028+BME68X+PMSX003-A+PMSX003-B,67,64,54,1007.08,0.00,8904,-52,1527420,0.70,1.92,4.13,0.70,1.92,4.13,8,8,342.45,94.40,21.75,4.15,3.00,2.35,1.11,1.70,2.53,1.11,1.70,2.53,7,7,391.21,110.37,9.09,2.23,0.81,0.44,58.02
2025/08/07T11:58:20z,48:3f:da:2a:ee:34,7.04,3.0+OPENLOG+31954 MB+RV3028+BME68X+PMSX003-A+PMSX003-B,66,64,53,1007.05,0.00,9160,-50,1527540,0.78,1.58,2.36,0.78,1.58,2.36,7,7,270.76,77.44,15.92,1.98,1.53,0.10,0.73,1.00,1.18,0.73,1.00,1.18,4,4,324.43,85.36,8.61,0.45,0.21,0.21,58.11
2025/08/07T12:00:20z,48:3f:da:2a:ee:34,7.04,3.0+OPENLOG+31954 MB+RV3028+BME68X+PMSX003-A+PMSX003-B,66,65,53,1007.09,0.00,9160,-51,1527660,0.54,1.41,2.53,0.54,1.41,2.53,6,6,273.36,77.24,11.39,4.73,1.53,0.76,1.14,1.84,2.40,1.14,1.84,2.40,8,8,337.79,100.72,11.65,1.51,0.86,0.61,58.27
2025/08/07T12:02:20z,48:3f:da:2a:ee:34,7.04,3.0+OPENLOG+31954 MB+RV3028+BME68X+PMSX003-A+PMSX003-B,67,64,54,1007.02,0.00,8904,-49,1527780,0.40,1.51,2.09,0.40,1.51,2.09,6,6,277.04,76.09,16.09,2.62,0.98,0.00,1.14,1.56,2.49,1.14,1.56,2.49,6,6,329.85,95.25,15.03,1.27,1.19,0.97,57.88
2025/08/07T12:04:20z,48:3f:da:2a:ee:34,7.04,3.0+OPENLOG+31954 MB+RV3028+BME68X+PMSX003-A+PMSX003-B,66,63,53,1007.02,0.00,8904,-53,1527900,0.61,1.20,1.78,0.61,1.20,1.78,5,5,301.27,78.66,13.22,0.92,0.92,0.00,0.70,1.19,1.28,0.70,1.19,1.28,5,5,311.32,92.11,9.40,0.63,0.18,0.18,58.89
2025/08/07T12:06:20z,48:3f:da:2a:ee:34,7.04,3.0+OPENLOG+31954 MB+RV3028+BME68X+PMSX003-A+PMSX003-B,66,63,53,1007.00,0.00,8904,-49,1528020,0.93,1.51,1.95,0.93,1.51,1.95,6,6,323.39,91.83,14.14,0.51,0.51,0.51,1.18,1.48,2.14,1.18,1.48,2.14,6,6,341.95,99.59,8.34,1.55,0.84,0.41,60.36
2025/08/07T12:08:20z,48:3f:da:2a:ee:34,7.04,3.0+OPENLOG+31954 MB+RV3028+BME68X+PMSX003-A+PMSX003-B,66,64,53,1006.95,0.00,9160,-52,1528140,1.25,1.67,3.82,1.25,1.67,3.82,7,7,363.15,102.85,17.60,3.60,3.35,0.70,0.88,1.32,1.32,0.88,1.32,1.32,5,5,313.95,89.33,10.44,0.00,0.00,0.00,59.81
2025/08/07T12:10:20z,48:3f:da:2a:ee:34,7.04,3.0+OPENLOG+31954 MB+RV3028+BME68X+PMSX003-A+PMSX003-B,67,64,54,1006.98,0.00,8904,-48,1528260,0.49,1.67,2.71,0.49,1.67,2.71,7,7,301.42,86.18,15.71,4.80,2.02,0.00,0.72,0.91,1.21,0.72,0.91,1.21,4,4,308.95,88.26,8.64,0.53,0.47,0.47,59.60
2025/08/07T12:12:20z,48:3f:da:2a:ee:34,7.04,3.0+OPENLOG+31954 MB+RV3028+BME68X+PMSX003-A+PMSX003-B,67,63,54,1006.95,0.00,8904,-50,1528380,0.66,0.95,2.05,0.66,0.95,2.05,4,4,292.73,80.90,10.02,1.63,1.42,1.42,0.93,1.29,1.63,0.93,1.29,1.63,5,5,326.08,93.58,8.81,0.83,0.68,0.68,59.58
2025/08/07T12:14:20z,48:3f:da:2a:ee:34,7.04,3.0+OPENLOG+31954 MB+RV3028+BME68X+PMSX003-A+PMSX003-B,68,62,54,1006.92,0.00,8904,-51,1528500,0.32,0.95,2.28,0.32,0.95,2.28,4,4,359.25,98.90,16.90,2.25,1.75,1.10,0.36,0.56,1.04,0.36,0.56,1.04,2,2,282.38,81.20,10.84,1.07,0.56,0.53,59.12
2025/08/07T12:16:20z,48:3f:da:2a:ee:34,7.04,3.0+OPENLOG+31954 MB+RV3028+BME68X+PMSX003-A+PMSX003-B,67,62,53,1006.87,0.00,8904,-50,1528620,0.26,0.71,1.03,0.26,0.71,1.03,3,3,264.26,75.47,12.67,0.93,0.67,0.00,0.86,1.11,1.79,0.86,1.11,1.79,5,5,331.79,90.98,7.44,1.04,1.04,0.67,61.60
2025/08/07T12:18:20z,48:3f:da:2a:ee:34,7.04,3.0+OPENLOG+31954 MB+RV3028+BME68X+PMSX003-A+PMSX003-B,67,63,54,1006.90,0.00,9160,-46,1528740,0.95,1.39,2.23,0.95,1.39,2.23,6,6,313.74,87.53,10.53,2.11,1.58,0.00,0.67,0.95,1.07,0.67,0.95,1.07,4,4,291.83,80.02,7.72,0.36,0.36,0.36,62.11
2025/08/07T12:20:20z,48:3f:da:2a:ee:34,7.04,3.0+OPENLOG+31954 MB+RV3028+BME68X+PMSX003-A+PMSX003-B,67,62,53,1006.85,0.00,8904,-47,1528860,0.86,1.66,4.02,0.86,1.66,4.02,7,7,363.26,93.31,19.76,4.66,3.52,1.81,1.12,1.48,1.98,1.12,1.48,1.98,6,6,332.07,97.12,9.74,1.10,0.69,0.28,61.62
2025/08/07T12:22:20z,48:3f:da:2a:ee:34,7.04,3.0+OPENLOG+31954 MB+RV3028+BME68X+PMSX003-A+PMSX003-B,67,63,54,1006.83,0.00,8904,-50,1528980,0.41,0.73,1.66,0.41,0.73,1.66,3,3,271.83,70.53,10.02,1.12,1.12,1.12,0.98,1.30,1.93,0.98,1.30,1.93,5,5,319.84,92.25,9.61,1.00,0.79,0.79,61.26
2025/08/07T12:24:20z,48:3f:da:2a:ee:34,7.04,3.0+OPENLOG+31954 MB+RV3028+BME68X+PMSX003-A+PMSX003-B,67,63,54,1006.83,0.00,9160,-46,1529100,0.59,1.20,2.39,0.59,1.20,2.39,5,5,271.07,75.92,9.81,3.20,1.83,0.71,1.04,1.38,1.50,1.04,1.38,1.50,6,6,347.68,99.54,5.88,0.88,0.46,0.21,58.75
2025/08/07T12:26:20z,48:3f:da:2a:ee:34,7.04,3.0+OPENLOG+31954 MB+RV3028+BME68X+PMSX003-A+PMSX003-B,67,63,54,1006.87,0.00,9160,-49,1529220,0.84,1.25,3.30,0.84,1.25,3.30,5,5,319.58,88.42,11.47,2.84,2.58,2.58,1.05,1.34,2.00,1.05,1.34,2.00,6,6,313.68,88.46,10.59,1.41,1.07,0.24,57.54
2025/08/07T12:28:20z,48:3f:da:2a:ee:34,7.04,3.0+OPENLOG+31954 MB+RV3028+BME68X+PMSX003-A+PMSX003-B,67,63,54,1006.86,0.00,8904,-47,1529340,0.79,1.39,2.44,0.79,1.39,2.44,6,6,347.84,89.89,7.58,2.32,1.53,0.79,1.22,1.53,2.19,1.22,1.53,2.19,6,6,345.72,102.33,10.90,1.29,0.74,0.66,57.75
2025/08/07T12:30:20z,48:3f:da:2a:ee:34,7.04,3.0+OPENLOG+31954 MB+RV3028+BME68X+PMSX003-A+PMSX003-B,66,64,53,1006.86,0.00,8904,-49,1529460,0.72,1.23,3.73,0.72,1.23,3.73,5,5,288.00,75.70,15.80,4.15,3.65,2.45,0.79,1.49,2.60,0.79,1.49,2.60,6,6,331.05,98.70,9.61,2.44,1.30,0.93,58.03
2025/08/07T12:32:20z,48:3f:da:2a:ee:34,7.04,3.0+OPENLOG+31954 MB+RV3028+BME68X+PMSX003-A+PMSX003-B,67,63,54,1006.88,0.00,9160,-50,1529580,0.95,1.93,2.73,0.95,1.93,2.73,8,8,325.50,86.40,17.20,3.85,1.20,0.60,0.95,1.22,1.84,0.95,1.22,1.84,5,5,325.58,95.47,9.38,0.95,0.95,0.67,58.99
2025/08/07T12:34:20z,48:3f:da:2a:ee:34,7.04,3.0+OPENLOG+31954 MB+RV3028+BME68X+PMSX003-A+PMSX003-B,67,63,54,1006.91,0.00,9160,-50,1529700,0.88,1.07,1.95,0.87,1.07,1.95,4,4,318.20,79.43,9.90,1.40,0.80,0.80,0.36,0.50,0.90,0.36,0.50,0.90,2,2,317.95,89.83,7.50,0.66,0.57,0.09,58.13
2025/08/07T12:36:20z,48:3f:da:2a:ee:34,7.04,3.0+OPENLOG+31954 MB+RV3028+BME68X+PMSX003-A+PMSX003-B,66,63,53,1006.91,0.00,9160,-46,1529820,0.96,1.63,3.18,0.96,1.63,3.18,7,7,359.68,99.95,11.74,3.58,1.74,1.74,0.55,0.97,1.57,0.55,0.97,1.57,4,4,316.60,92.88,11.17,1.17,0.75,0.75,57.28
2025/08/07T12:38:20z,48:3f:da:2a:ee:34,7.04,3.0+OPENLOG+31954 MB+RV3028+BME68X+PMSX003-A+PMSX003-B,67,64,54,1006.88,0.00,9160,-51,1529940,0.62,1.62,4.83,0.62,1.62,4.83,7,7,311.28,86.48,21.83,5.74,3.98,3.26,0.81,1.00,1.69,0.81,1.00,1.69,4,4,326.12,92.59,6.64,0.88,0.69,0.43,58.64
2025/08/07T12:40:20z,48:3f:da:2a:ee:34,7.04,3.0+OPENLOG+31954 MB+RV3028+BME68X+PMSX003-A+PMSX003-B,67,63,54,1006.88,0.00,9160,-48,1530060,1.00,1.78,3.08,1.00,1.78,3.08,7,7,333.00,89.85,19.42,3.15,2.03,0.76,1.09,1.48,1.59,1.09,1.48,1.59,6,6,344.07,99.07,9.78,0.22,0.10,0.00,58.82
2025/08/07T12:42:20z,48:3f:da:2a:ee:34,7.04,3.0+OPENLOG+31954 MB+RV3028+BME68X+PMSX003-A+PMSX003-B,66,62,52,1006.88,0.00,8904,-50,1530180,0.72,1.37,2.35,0.72,1.37,2.35,6,6,287.40,72.75,17.25,2.50,1.55,0.55,1.03,1.31,1.55,1.03,1.31,1.55,5,5,341.28,97.47,9.91,0.48,0.24,0.24,58.92
2025/08/07T12:44:20z,48:3f:da:2a:ee:34,7.04,3.0+OPENLOG+31954 MB+RV3028+BME68X+PMSX003-A+PMSX003-B,67,63,54,1006.86,0.00,8736,-47,1530301,0.56,1.11,3.20,0.56,1.11,3.20,5,5,293.07,79.15,13.25,4.09,3.05,1.47,1.12,1.50,2.26,1.12,1.50,2.26,6,6,336.83,97.47,11.95,1.03,0.88,0.88,60.91
2025/08/07T12:46:20z,48:3f:da:2a:ee:34,7.04,3.0+OPENLOG+31954 MB+RV3028+BME68X+PMSX003-A+PMSX003-B,67,62,53,1006.88,0.00,8736,-49,1530421,0.86,1.59,3.19,0.86,1.59,3.19,7,7,317.14,90.71,15.31,3.41,2.19,2.19,0.93,1.25,1.86,0.93,1.25,1.86,5,5,318.53,92.86,7.88,1.28,1.02,0.60,61.12
2025/08/07T12:48:20z,48:3f:da:2a:ee:34,7.04,3.0+OPENLOG+31954 MB+RV3028+BME68X+PMSX003-A+PMSX003-B,67,62,53,1006.95,0.00,9160,-49,1530541,1.05,1.75,3.91,1.05,1.75,3.91,7,7,331.89,89.21,14.53,3.89,3.11,1.68,0.98,1.55,2.47,0.98,1.55,2.47,6,6,338.17,99.69,14.05,1.36,1.21,0.67,61.44
2025/08/07T12:50:20z,48:3f:da:2a:ee:34,7.04,3.0+OPENLOG+31954 MB+RV3028+BME68X+PMSX003-A+PMSX003-B,67,62,53,1006.99,0.00,9160,-47,1530661,0.74,1.19,2.49,0.74,1.19,2.49,5,5,311.47,79.58,6.79,3.68,2.16,0.84,0.91,1.48,1.90,0.91,1.48,1.90,6,6,361.14,100.95,10.16,0.64,0.55,0.55,61.85
2025/08/07T12:52:20z,48:3f:da:2a:ee:34,7.04,3.0+OPENLOG+31954 MB+RV3028+BME68X+PMSX003-A+PMSX003-B,67,62,53,1007.06,0.00,8904,-47,1530781,0.37,0.95,4.73,0.37,0.95,4.73,4,4,298.68,75.00,12.81,6.00,5.49,3.05,0.82,1.33,1.96,0.82,1.33,1.96,6,6,329.26,98.98,10.26,1.46,0.79,0.60,62.19
2025/08/07T12:54:20z,48:3f:da:2a:ee:34,7.04,3.0+OPENLOG+31954 MB+RV3028+BME68X+PMSX003-A+PMSX003-B,67,62,53,1007.13,0.00,8904,-51,1530901,0.69,1.26,3.08,0.67,1.25,3.02,5,5,309.84,80.85,13.28,3.30,2.51,1.23,1.18,1.82,2.53,1.18,1.82,2.53,8,8,379.15,110.75,10.09,2.20,1.13,0.55,62.43
2025/08/07T12:56:20z,48:3f:da:2a:ee:34,7.04,3.0+OPENLOG+31954 MB+RV3028+BME68X+PMSX003-A+PMSX003-B,67,61,53,1007.12,0.00,8904,-45,1531021,0.81,0.93,1.86,0.81,0.93,1.86,4,4,356.74,94.33,10.11,1.21,1.21,0.79,0.85,1.53,2.48,0.85,1.53,2.48,6,6,321.15,92.03,13.78,2.62,1.47,0.97,61.79
2025/08/07T12:58:20z,48:3f:da:2a:ee:34,7.04,3.0+OPENLOG+31954 MB+RV3028+BME68X+PMSX003-A+PMSX003-B,67,62,53,1007.12,0.00,8904,-49,1531141,0.18,0.61,2.11,0.18,0.61,2.11,3,3,310.98,74.57,13.45,3.27,2.14,1.23,0.32,1.07,1.76,0.32,1.07,1.76,4,4,331.88,96.41,13.34,2.12,0.86,0.86,62.82
2025/08/07T13:00:20z,48:3f:da:2a:ee:34,7.04,3.0+OPENLOG+31954 MB+RV3028+BME68X+PMSX003-A+PMSX003-B,67,62,53,1007.15,0.00,8904,-47,1531261,0.67,1.48,4.67,0.67,1.48,4.67,6,6,310.50,86.55,16.95,6.00,4.70,2.65,0.73,1.10,1.34,0.73,1.10,1.34,5,5,314.69,91.05,10.02,0.75,0.24,0.24,63.33
2025/08/07T13:02:20z,48:3f:da:2a:ee:34,7.04,3.0+OPENLOG+31954 MB+RV3028+BME68X+PMSX003-A+PMSX003-B,67,62,53,1007.14,0.00,8904,-52,1531381,0.45,1.32,2.43,0.45,1.32,2.43,5,5,283.95,74.30,10.20,2.70,1.50,0.65,0.80,1.02,1.53,0.80,1.02,1.53,4,4,325.64,92.62,7.00,0.71,0.62,0.40,60.93
2025/08/07T13:04:20z,48:3f:da:2a:ee:34,7.04,3.0+OPENLOG+31954 MB+RV3028+BME68X+PMSX003-A+PMSX003-B,67,61,53,1007.18,0.00,8904,-48,1531501,0.52,1.22,2.40,0.52,1.22,2.40,5,5,232.60,69.72,12.78,2.33,1.60,1.09,0.98,1.29,1.90,0.98,1.29,1.90,5,5,323.53,92.97,8.84,1.16,0.64,0.64,60.60
2025/08/07T13:06:20z,48:3f:da:2a:ee:34,7.04,3.0+OPENLOG+31954 MB+RV3028+BME68X+PMSX003-A+PMSX003-B,67,61,53,1007.18,0.00,8904,-52,1531621,0.68,1.42,2.63,0.68,1.42,2.63,6,6,296.53,79.37,16.16,1.63,1.58,1.53,1.22,1.43,1.76,1.22,1.43,1.76,6,6,338.64,98.05,8.55,0.64,0.24,0.00,59.27
2025/08/07T13:08:20z,48:3f:da:2a:ee:34,7.04,3.0+OPENLOG+31954 MB+RV3028+BME68X+PMSX003-A+PMSX003-B,67,61,53,1007.21,0.00,8904,-50,1531741,0.54,1.47,7.11,0.54,1.47,7.11,6,6,347.05,86.47,21.68,10.05,6.63,5.84,0.98,1.26,2.03,0.98,1.26,2.03,5,5,346.81,98.28,8.43,1.47,1.47,0.41,59.55
2025/08/07T13:10:20z,48:3f:da:2a:ee:34,7.04,3.0+OPENLOG+31954 MB+RV3028+BME68X+PMSX003-A+PMSX003-B,67,61,53,1007.18,0.00,8904,-47,1531861,1.03,1.80,3.07,1.03,1.80,3.07,7,7,328.12,92.24,15.20,2.54,1.83,1.32,0.95,1.16,1.86,0.95,1.16,1.86,5,5,292.18,79.20,11.66,1.14,0.82,0.62,62.45
2025/08/07T13:12:20z,48:3f:da:2a:ee:34,7.04,3.0+OPENLOG+31954 MB+RV3028+BME68X+PMSX003-A+PMSX003-B,67,61,53,1007.18,0.00,8904,-49,1531981,0.59,1.31,2.03,0.59,1.31,2.03,5,5,300.57,76.50,10.60,0.93,0.93,0.93,1.16,1.67,2.28,1.16,1.67,2.28,7,7,341.11,100.09,12.70,0.95,0.82,0.42,60.94
2025/08/07T13:14:20z,48:3f:da:2a:ee:34,7.04,3.0+OPENLOG+31954 MB+RV3028+BME68X+PMSX003-A+PMSX003-B,67,61,53,1007.16,0.00,9160,-48,1532101,0.62,0.95,1.43,0.62,0.95,1.43,4,4,296.68,75.21,10.88,1.34,0.80,0.00,0.67,0.95,1.50,0.67,0.95,1.50,4,4,273.98,82.66,8.16,0.91,0.69,0.69,61.53
2025/08/07T13:16:20z,48:3f:da:2a:ee:34,7.04,3.0+OPENLOG+31954 MB+RV3028+BME68X+PMSX003-A+PMSX003-B,67,61,53,1007.15,0.00,9160,-52,1532221,0.43,0.72,0.98,0.43,0.72,0.98,3,3,241.29,62.53,8.38,1.03,0.52,0.00,1.05,1.64,1.93,1.05,1.64,1.93,7,7,364.91,100.67,10.72,1.05,0.62,0.62,66.06
2025/08/07T13:18:20z,48:3f:da:2a:ee:34,7.04,3.0+OPENLOG+31954 MB+RV3028+BME68X+PMSX003-A+PMSX003-B,67,61,53,1007.19,0.00,9160,-49,1532341,0.84,1.34,2.71,0.84,1.34,2.71,6,6,297.62,79.14,16.03,2.53,1.97,1.19,0.93,1.23,1.73,0.93,1.23,1.73,5,5,312.80,87.86,10.11,1.11,0.46,0.46,60.64
2025/08/07T13:20:20z,48:3f:da:2a:ee:34,7.04,3.0+OPENLOG+31954 MB+RV3028+BME68X+PMSX003-A+PMSX003-B,67,60,53,1007.24,0.00,8904,-50,1532461,0.51,1.20,4.59,0.51,1.20,4.59,5,5,323.69,85.12,17.75,4.88,4.88,3.71,0.69,0.90,1.33,0.69,0.90,1.33,4,4,337.09,97.64,7.60,0.95,0.78,0.00,60.16
2025/08/07T13:22:20z,48:3f:da:2a:ee:34,7.04,3.0+OPENLOG+31954 MB+RV3028+BME68X+PMSX003-A+PMSX003-B,67,61,53,1007.28,0.00,9160,-49,1532581,0.66,1.86,3.59,0.66,1.86,3.59,8,8,333.64,95.14,19.34,4.66,2.41,1.02,0.70,1.32,1.78,0.70,1.32,1.78,5,5,337.50,97.77,11.73,0.95,0.62,0.62,59.87
2025/08/07T13:24:20z,48:3f:da:2a:ee:34,7.04,3.0+OPENLOG+31954 MB+RV3028+BME68X+PMSX003-A+PMSX003-B,67,61,53,1007.33,0.00,8904,-52,1532701,0.20,0.82,1.98,0.20,0.82,1.98,3,3,288.00,80.62,14.14,2.62,1.29,1.29,0.97,1.12,1.46,0.97,1.12,1.46,5,5,359.39,106.20,9.29,0.68,0.42,0.42,61.62
2025/08/07T13:26:20z,48:3f:da:2a:ee:34,7.04,3.0+OPENLOG+31954 MB+RV3028+BME68X+PMSX003-A+PMSX003-B,67,61,53,1007.37,0.00,9160,-50,1532821,0.50,0.93,3.33,0.50,0.93,3.33,4,4,294.72,74.53,10.29,3.83,3.31,2.69,0.75,0.84,1.68,0.75,0.84,1.68,3,3,329.14,91.16,7.68,1.04,1.04,0.84,62.96
2025/08/07T13:28:20z,48:3f:da:2a:ee:34,7.04,3.0+OPENLOG+31954 MB+RV3028+BME68X+PMSX003-A+PMSX003-B,67,61,53,1007.36,0.00,8904,-47,1532941,0.61,1.32,3.53,0.61,1.32,3.53,6,6,269.24,78.05,14.69,3.81,3.15,2.39,0.91,1.02,1.45,0.91,1.02,1.45,4,4,326.14,87.98,6.11,0.84,0.84,0.41,62.61
2025/08/07T13:30:20z,48:3f:da:2a:ee:34,7.04,3.0+OPENLOG+31954 MB+RV3028+BME68X+PMSX003-A+PMSX003-B,67,61,53,1007.36,0.00,8904,-51,1533061,0.61,0.96,2.32,0.61,0.96,2.32,4,4,271.74,73.21,11.11,3.00,2.37,0.26,0.97,1.22,1.34,0.97,1.22,1.34,5,5,327.67,91.12,8.74,0.67,0.24,0.19,63.49
2025/08/07T13:32:20z,48:3f:da:2a:ee:34,7.04,3.0+OPENLOG+31954 MB+RV3028+BME68X+PMSX003-A+PMSX003-B,67,61,53,1007.39,0.00,8904,-49,1533181,0.95,1.45,2.46,0.95,1.45,2.46,6,6,353.36,93.32,14.57,1.29,1.29,0.75,1.05,1.48,2.63,1.05,1.48,2.63,6,6,353.45,101.43,10.20,1.98,1.55,0.97,61.79
2025/08/07T13:34:20z,48:3f:da:2a:ee:34,7.04,3.0+OPENLOG+31954 MB+RV3028+BME68X+PMSX003-A+PMSX003-B,67,60,53,1007.43,0.00,9160,-49,1533301,0.93,1.51,2.08,0.93,1.51,2.08,6,6,269.69,78.10,13.47,1.42,0.76,0.76,0.98,1.26,1.41,0.98,1.26,1.41,5,5,335.79,95.74,8.97,0.72,0.47,0.21,62.60
2025/08/07T13:36:20z,48:3f:da:2a:ee:34,7.04,3.0+OPENLOG+31954 MB+RV3028+BME68X+PMSX003-A+PMSX003-B,67,60,53,1007.46,0.00,8904,-49,1533421,0.29,1.28,3.00,0.29,1.28,3.00,5,5,307.09,83.95,17.48,3.31,2.74,1.29,0.80,1.25,1.48,0.80,1.25,1.48,5,5,322.07,90.66,10.77,1.21,0.52,0.23,64.61
2025/08/07T13:38:20z,48:3f:da:2a:ee:34,7.04,3.0+OPENLOG+31954 MB+RV3028+BME68X+PMSX003-A+PMSX003-B,68,60,53,1007.54,0.00,9160,-50,1533541,0.41,1.00,1.80,0.41,1.00,1.80,4,4,298.98,76.78,10.32,2.34,1.22,0.61,0.89,1.23,1.86,0.89,1.23,1.86,5,5,294.11,87.95,6.49,1.60,0.95,0.67,65.45
2025/08/07T13:40:20z,48:3f:da:2a:ee:34,7.04,3.0+OPENLOG+31954 MB+RV3028+BME68X+PMSX003-A+PMSX003-B,67,60,52,1007.57,0.00,8904,-53,1533661,0.79,1.18,2.23,0.79,1.18,2.23,5,5,306.80,80.04,11.30,2.20,1.39,1.39,1.12,1.47,1.90,1.12,1.47,1.90,6,6,353.34,99.81,9.75,1.17,0.54,0.46,66.15
2025/08/07T13:42:20z,48:3f:da:2a:ee:34,7.04,3.0+OPENLOG+31954 MB+RV3028+BME68X+PMSX003-A+PMSX003-B,67,60,53,1007.61,0.00,8904,-45,1533781,0.71,1.34,7.19,0.71,1.34,7.19,6,6,307.76,85.72,18.16,9.72,7.66,6.62,0.86,1.07,1.97,0.86,1.07,1.97,4,4,330.72,89.07,9.67,1.29,1.29,0.67,65.29
2025/08/07T13:44:21z,48:3f:da:2a:ee:34,7.04,3.0+OPENLOG+31954 MB+RV3028+BME68X+PMSX003-A+PMSX003-B,67,60,53,1007.61,0.00,8736,-51,1533901,0.63,1.37,2.39,0.63,1.37,2.39,6,6,328.58,89.19,16.63,2.39,1.53,0.25,0.88,1.04,1.55,0.88,1.04,1.55,4,4,316.98,89.88,7.32,0.86,0.86,0.62,64.72
2025/08/07T13:46:21z,48:3f:da:2a:ee:34,7.04,3.0+OPENLOG+31954 MB+RV3028+BME68X+PMSX003-A+PMSX003-B,67,60,53,1007.63,0.00,8736,-51,1534021,0.45,0.91,1.54,0.45,0.91,1.54,4,4,251.84,73.45,8.57,1.07,1.07,0.38,0.97,1.61,2.39,0.97,1.61,2.39,7,7,310.53,92.22,13.88,2.05,0.98,0.53,76.01
2025/08/07T13:48:21z,48:3f:da:2a:ee:34,7.04,3.0+OPENLOG+31954 MB+RV3028+BME68X+PMSX003-A+PMSX003-B,68,60,53,1007.66,0.00,8904,-50,1534141,0.62,1.28,2.05,0.62,1.28,2.05,5,5,284.69,81.40,8.74,1.81,1.14,0.57,0.59,0.95,1.54,0.59,0.95,1.54,4,4,285.05,82.09,7.95,1.70,1.04,0.64,65.31
2025/08/07T13:50:21z,48:3f:da:2a:ee:34,7.04,3.0+OPENLOG+31954 MB+RV3028+BME68X+PMSX003-A+PMSX003-B,67,60,52,1007.68,0.00,8904,-51,1534261,0.55,1.53,7.26,0.55,1.53,7.26,6,6,295.91,85.60,22.55,9.47,7.40,6.67,0.27,0.57,0.57,0.27,0.57,0.57,2,2,302.62,85.11,7.20,0.25,0.00,0.00,62.54
2025/08/07T13:52:21z,48:3f:da:2a:ee:34,7.04,3.0+OPENLOG+31954 MB+RV3028+BME68X+PMSX003-A+PMSX003-B,68,60,53,1007.74,0.00,8904,-50,1534381,0.07,0.86,2.53,0.07,0.86,2.53,4,4,264.95,67.63,14.21,3.47,2.16,1.47,0.54,0.89,1.58,0.54,0.89,1.58,4,4,288.26,81.49,8.35,1.72,0.88,0.70,67.36
2025/08/07T13:54:21z,48:3f:da:2a:ee:34,7.04,3.0+OPENLOG+31954 MB+RV3028+BME68X+PMSX003-A+PMSX003-B,68,59,53,1007.77,0.00,8904,-51,1534501,0.14,0.51,2.67,0.14,0.51,2.67,2,2,260.37,67.79,11.53,3.32,3.32,2.00,0.72,0.98,2.09,0.72,0.98,2.09,4,4,327.47,91.40,9.91,1.83,1.62,0.93,63.62
2025/08/07T13:56:21z,48:3f:da:2a:ee:34,7.04,3.0+OPENLOG+31954 MB+RV3028+BME68X+PMSX003-A+PMSX003-B,68,59,53,1007.78,0.00,8904,-50,1534621,0.32,0.85,2.18,0.32,0.85,2.18,4,4,253.05,66.75,11.15,2.15,2.15,0.95,0.91,1.00,1.60,0.91,1.00,1.60,4,4,303.21,82.77,6.75,0.88,0.86,0.81,65.88
2025/08/07T13:58:21z,48:3f:da:2a:ee:34,7.04,3.0+OPENLOG+31954 MB+RV3028+BME68X+PMSX003-A+PMSX003-B,68,58,52,1007.86,0.00,8904,-49,1534741,0.42,1.00,3.39,0.42,1.00,3.39,4,4,279.46,68.64,10.98,4.58,3.36,1.73,0.87,1.15,1.31,0.87,1.15,1.31,5,5,296.40,84.84,8.16,0.62,0.13,0.00,61.40
2025/08/07T14:00:21z,48:3f:da:2a:ee:34,7.04,3.0+OPENLOG+31954 MB+RV3028+BME68X+PMSX003-A+PMSX003-B,67,58,52,1007.90,0.00,8904,-49,1534861,0.50,1.05,3.26,0.50,1.05,3.26,4,4,285.98,78.93,15.41,5.28,3.10,1.29,0.54,0.88,1.34,0.54,0.88,1.34,4,4,323.29,90.58,7.80,1.66,0.92,0.22,59.88
2025/08/07T14:02:21z,48:3f:da:2a:ee:34,7.04,3.0+OPENLOG+31954 MB+RV3028+BME68X+PMSX003-A+PMSX003-B,68,59,53,1007.90,0.00,9160,-51,1534981,0.38,0.87,1.64,0.38,0.87,1.64,4,4,269.18,68.35,12.00,1.58,1.09,0.82,0.93,1.57,2.76,0.93,1.57,2.76,7,7,330.36,95.84,12.81,1.84,1.59,1.38,59.99
2025/08/07T14:04:21z,48:3f:da:2a:ee:34,7.04,3.0+OPENLOG+31954 MB+RV3028+BME68X+PMSX003-A+PMSX003-B,68,58,52,1007.93,0.00,8904,-51,1535101,0.51,1.27,3.73,0.51,1.27,3.73,5,5,282.36,73.58,15.00,4.78,3.31,2.80,1.27,1.56,2.29,1.27,1.56,2.29,6,6,368.19,105.58,8.97,1.27,0.88,0.44,61.70
2025/08/07T14:06:21z,48:3f:da:2a:ee:34,7.04,3.0+OPENLOG+31954 MB+RV3028+BME68X+PMSX003-A+PMSX003-B,66,58,51,1007.92,0.00,8904,-50,1535221,0.28,1.32,3.68,0.28,1.32,3.68,5,5,259.50,67.80,13.00,4.55,3.15,3.15,1.02,1.29,1.55,1.02,1.29,1.55,5,5,322.07,91.45,8.64,0.68,0.21,0.21,60.50
2025/08/07T14:08:21z,48:3f:da:2a:ee:34,7.04,3.0+OPENLOG+31954 MB+RV3028+BME68X+PMSX003-A+PMSX003-B,68,58,53,1007.84,0.00,8904,-48,1535341,0.49,0.86,2.37,0.49,0.86,2.37,4,4,276.25,70.42,11.85,3.25,2.14,1.37,0.59,0.76,1.92,0.59,0.76,1.92,3,3,329.08,92.61,9.02,1.85,1.41,0.97,61.42
2025/08/07T14:10:21z,48:3f:da:2a:ee:34,7.04,3.0+OPENLOG+31954 MB+RV3028+BME68X+PMSX003-A+PMSX003-B,68,58,52,1007.73,0.00,8904,-48,1535461,0.61,1.68,3.05,0.61,1.68,3.05,7,7,305.05,83.21,16.95,4.26,2.53,0.05,0.98,1.48,2.13,0.98,1.48,2.13,6,6,320.55,91.85,9.55,1.53,0.82,0.47,68.01
2025/08/07T14:12:21z,48:3f:da:2a:ee:34,7.04,3.0+OPENLOG+31954 MB+RV3028+BME68X+PMSX003-A+PMSX003-B,68,58,52,1007.71,0.00,8904,-50,1535581,0.31,1.19,3.34,0.31,1.19,3.34,5,5,280.09,74.64,11.38,5.95,3.47,0.72,0.88,1.10,2.31,0.88,1.10,2.31,5,5,302.49,83.12,9.19,1.93,1.36,1.27,67.71
2025/08/07T14:14:21z,48:3f:da:2a:ee:34,7.04,3.0+OPENLOG+31954 MB+RV3028+BME68X+PMSX003-A+PMSX003-B,68,57,52,1007.70,0.00,9160,-49,1535701,0.08,0.87,3.45,0.08,0.87,3.45,4,4,244.95,60.90,13.50,4.90,3.75,2.65,0.49,1.02,1.68,0.49,1.02,1.68,4,4,292.68,82.07,8.81,1.40,0.96,0.47,61.36
2025/08/07T14:16:21z,48:3f:da:2a:ee:34,7.04,3.0+OPENLOG+31954 MB+RV3028+BME68X+PMSX003-A+PMSX003-B,67,58,51,1007.73,0.00,8904,-52,1535821,0.18,1.02,2.47,0.18,1.02,2.47,4,4,272.40,71.70,10.00,3.10,2.15,1.65,0.86,0.89,1.07,0.86,0.89,1.07,4,4,265.95,76.68,5.77,1.23,0.26,0.26,60.47
2025/08/07T14:18:21z,48:3f:da:2a:ee:34,7.04,3.0+OPENLOG+31954 MB+RV3028+BME68X+PMSX003-A+PMSX003-B,67,58,51,1007.74,0.00,9160,-47,1535941,0.49,0.65,3.60,0.49,0.65,3.60,3,3,266.62,72.65,10.96,4.85,4.20,1.80,0.52,0.98,1.47,0.52,0.98,1.47,4,4,266.15,77.38,7.80,1.12,0.70,0.52,59.80
2025/08/07T14:20:21z,48:3f:da:2a:ee:34,7.04,3.0+OPENLOG+31954 MB+RV3028+BME68X+PMSX003-A+PMSX003-B,68,58,52,1007.71,0.00,9160,-49,1536061,0.09,0.83,2.76,0.09,0.83,2.76,3,3,213.21,57.16,10.86,4.86,3.00,1.19,0.41,0.62,1.05,0.41,0.62,1.05,3,3,264.00,74.40,6.53,0.52,0.52,0.52,60.60
2025/08/07T14:22:21z,48:3f:da:2a:ee:34,7.04,3.0+OPENLOG+31954 MB+RV3028+BME68X+PMSX003-A+PMSX003-B,68,57,52,1007.64,0.00,8904,-49,1536181,0.10,0.69,3.31,0.10,0.69,3.31,3,3,239.95,62.44,14.54,4.78,4.02,1.88,0.61,0.68,1.07,0.61,0.68,1.07,3,3,264.58,75.86,7.49,0.68,0.39,0.39,60.69
2025/08/07T14:24:21z,48:3f:da:2a:ee:34,7.04,3.0+OPENLOG+31954 MB+RV3028+BME68X+PMSX003-A+PMSX003-B,68,57,52,1007.54,0.00,9160,-50,1536301,0.78,1.19,2.29,0.78,1.19,2.29,5,5,264.81,76.07,10.98,2.08,2.08,0.71,0.41,0.48,1.77,0.41,0.48,1.77,2,2,307.55,84.89,8.14,2.02,1.43,1.43,82.37
2025/08/07T14:26:21z,48:3f:da:2a:ee:34,7.04,3.0+OPENLOG+31954 MB+RV3028+BME68X+PMSX003-A+PMSX003-B,68,57,52,1007.49,0.00,8904,-51,1536421,0.31,0.62,1.47,0.31,0.62,1.47,3,3,260.69,68.64,8.84,2.33,1.34,0.62,0.46,0.66,1.36,0.46,0.66,1.36,3,3,280.12,79.81,6.08,1.32,1.07,1.07,73.86
2025/08/07T14:28:21z,48:3f:da:2a:ee:34,7.04,3.0+OPENLOG+31954 MB+RV3028+BME68X+PMSX003-A+PMSX003-B,68,57,52,1007.46,0.00,9160,-50,1536541,0.12,0.46,1.82,0.12,0.46,1.82,2,2,237.86,62.14,10.18,3.16,2.14,1.45,0.74,0.93,1.76,0.74,0.93,1.76,4,4,322.81,85.81,5.41,1.34,1.19,1.10,64.04
2025/08/07T14:30:21z,48:3f:da:2a:ee:34,7.04,3.0+OPENLOG+31954 MB+RV3028+BME68X+PMSX003-A+PMSX003-B,68,58,52,1007.48,0.00,8904,-51,1536661,0.31,0.75,1.59,0.31,0.75,1.59,3,3,268.47,68.44,9.92,1.83,0.71,0.71,1.00,1.05,1.93,1.00,1.05,1.93,4,4,292.95,82.84,8.19,1.11,1.11,0.72,64.25
2025/08/07T14:32:21z,48:3f:da:2a:ee:34,7.04,3.0+OPENLOG+31954 MB+RV3028+BME68X+PMSX003-A+PMSX003-B,68,58,52,1007.53,0.00,8904,-50,1536781,0.15,0.61,2.93,0.11,0.61,2.93,3,3,231.34,62.11,10.57,3.64,3.15,2.56,1.20,1.50,1.91,1.20,1.50,1.91,6,6,341.46,100.54,10.36,0.80,0.61,0.21,64.86
2025/08/07T14:34:21z,48:3f:da:2a:ee:34,7.04,3.0+OPENLOG+31954 MB+RV3028+BME68X+PMSX003-A+PMSX003-B,68,57,52,1007.57,0.00,8904,-48,1536901,0.23,0.44,2.28,0.23,0.44,2.28,2,2,257.37,68.00,8.37,2.53,2.53,2.53,0.54,0.88,1.34,0.54,0.88,1.34,4,4,292.17,86.97,6.76,1.19,0.73,0.73,62.07
2025/08/07T14:36:21z,48:3f:da:2a:ee:34,7.04,3.0+OPENLOG+31954 MB+RV3028+BME68X+PMSX003-A+PMSX003-B,68,57,52,1007.61,0.00,8904,-49,1537021,0.25,0.96,1.36,0.25,0.96,1.36,4,4,260.68,67.23,13.55,1.82,0.59,0.59,0.93,1.03,1.51,0.93,1.03,1.51,4,4,283.78,77.46,8.76,1.22,0.49,0.49,63.31
2025/08/07T14:38:21z,48:3f:da:2a:ee:34,7.04,3.0+OPENLOG+31954 MB+RV3028+BME68X+PMSX003-A+PMSX003-B,68,57,52,1007.64,0.00,9160,-49,1537141,0.53,1.42,4.12,0.53,1.42,4.12,6,6,290.30,75.40,13.85,5.50,4.25,1.65,0.68,0.82,2.07,0.68,0.82,2.07,3,3,286.16,81.79,6.86,1.84,1.54,1.54,64.41
2025/08/07T14:40:21z,48:3f:da:2a:ee:34,7.04,3.0+OPENLOG+31954 MB+RV3028+BME68X+PMSX003-A+PMSX003-B,68,56,51,1007.66,0.00,8904,-50,1537261,0.63,1.60,2.77,0.63,1.60,2.77,7,7,259.20,71.85,13.65,4.00,1.65,1.00,0.64,1.11,1.25,0.64,1.11,1.25,5,5,303.22,88.33,5.69,0.85,0.07,0.07,65.10
2025/08/07T14:42:21z,48:3f:da:2a:ee:34,7.04,3.0+OPENLOG+31954 MB+RV3028+BME68X+PMSX003-A+PMSX003-B,68,56,51,1007.73,0.00,8904,-47,1537381,0.20,1.07,3.95,0.20,1.07,3.95,4,4,276.10,72.05,15.76,6.86,3.61,2.39,0.85,1.49,2.31,0.85,1.49,2.31,6,6,316.88,91.46,11.44,1.58,0.93,0.93,62.79
2025/08/07T14:44:21z,48:3f:da:2a:ee:34,7.04,3.0+OPENLOG+31954 MB+RV3028+BME68X+PMSX003-A+PMSX003-B,68,56,51,1007.77,0.00,8992,-50,1537502,0.68,1.43,4.54,0.68,1.43,4.54,6,6,309.21,84.27,13.12,6.11,3.91,3.86,0.76,0.90,1.53,0.76,0.90,1.53,4,4,304.97,88.21,10.53,0.97,0.79,0.79,62.69
2025/08/07T14:46:21z,48:3f:da:2a:ee:34,7.04,3.0+OPENLOG+31954 MB+RV3028+BME68X+PMSX003-A+PMSX003-B,68,56,51,1007.77,0.00,8992,-52,1537622,0.17,0.87,2.65,0.17,0.87,2.65,4,4,226.20,62.75,14.65,5.00,3.10,0.00,0.50,0.73,2.05,0.50,0.73,2.05,3,3,297.16,85.09,10.79,1.89,1.62,1.20,64.15
2025/08/07T14:48:21z,48:3f:da:2a:ee:34,7.04,3.0+OPENLOG+31954 MB+RV3028+BME68X+PMSX003-A+PMSX003-B,68,56,51,1007.77,0.00,9160,-50,1537742,0.36,1.29,3.27,0.36,1.29,3.27,5,5,253.61,67.66,15.43,4.77,3.05,0.91,0.81,1.22,1.71,0.81,1.22,1.71,5,5,317.85,87.80,9.36,1.27,0.59,0.59,61.87
2025/08/07T14:50:21z,48:3f:da:2a:ee:34,7.04,3.0+OPENLOG+31954 MB+RV3028+BME68X+PMSX003-A+PMSX003-B,68,56,52,1007.80,0.00,9160,-53,1537862,0.37,1.19,4.23,0.37,1.19,4.23,5,5,280.42,75.05,17.05,6.16,4.32,2.63,0.73,1.08,1.64,0.73,1.08,1.64,5,5,317.19,87.37,9.51,0.95,0.66,0.66,66.21
2025/08/07T14:52:21z,48:3f:da:2a:ee:34,7.04,3.0+OPENLOG+31954 MB+RV3028+BME68X+PMSX003-A+PMSX003-B,67,57,51,1007.81,0.00,8904,-50,1537982,0.56,0.97,3.24,0.56,0.97,3.24,4,4,255.81,71.14,11.75,3.86,2.85,2.08,0.64,0.98,1.80,0.64,0.98,1.80,4,4,290.09,82.34,8.29,1.46,1.20,0.88,65.22
2025/08/07T14:54:21z,48:3f:da:2a:ee:34,7.04,3.0+OPENLOG+31954 MB+RV3028+BME68X+PMSX003-A+PMSX003-B,68,57,52,1007.81,0.00,8904,-49,1538102,0.40,1.05,6.31,0.40,1.05,6.31,4,4,259.91,70.55,18.93,9.05,7.81,4.76,0.88,1.22,1.76,0.88,1.22,1.76,5,5,311.33,86.43,9.57,0.79,0.79,0.26,63.59
2025/08/07T14:56:21z,48:3f:da:2a:ee:34,7.04,3.0+OPENLOG+31954 MB+RV3028+BME68X+PMSX003-A+PMSX003-B,68,57,52,1007.79,0.00,9160,-49,1538222,0.59,1.04,3.39,0.59,1.04,3.39,4,4,291.05,81.43,15.11,4.45,3.32,2.20,0.71,1.41,2.08,0.71,1.41,2.08,6,6,293.34,81.69,9.83,2.05,1.10,0.85,63.75
2025/08/07T14:58:21z,48:3f:da:2a:ee:34,7.04,3.0+OPENLOG+31954 MB+RV3028+BME68X+PMSX003-A+PMSX003-B,68,57,52,1007.82,0.00,8904,-52,1538342,0.34,0.73,4.32,0.34,0.73,4.32,3,3,289.45,76.66,14.46,5.20,5.20,3.91,0.92,1.08,1.63,0.92,1.08,1.63,5,5,280.60,81.15,7.55,0.63,0.63,0.42,67.60
2025/08/07T15:00:21z,48:3f:da:2a:ee:34,7.04,3.0+OPENLOG+31954 MB+RV3028+BME68X+PMSX003-A+PMSX003-B,67,57,51,1007.83,0.00,8904,-49,1538462,0.42,1.37,3.24,0.42,1.37,3.24,6,6,279.00,69.41,12.86,3.76,2.54,1.83,0.79,1.23,2.11,0.79,1.23,2.11,5,5,327.96,97.07,9.61,1.88,1.23,0.73,60.80
2025/08/07T15:02:21z,48:3f:da:2a:ee:34,7.04,3.0+OPENLOG+31954 MB+RV3028+BME68X+PMSX003-A+PMSX003-B,67,57,51,1007.83,0.00,9160,-52,1538582,0.69,1.12,4.07,0.69,1.12,4.07,5,5,288.93,82.09,15.62,4.60,4.40,1.76,0.77,1.18,1.35,0.77,1.18,1.35,5,5,294.79,83.79,7.61,0.51,0.30,0.30,63.99
2025/08/07T15:04:21z,48:3f:da:2a:ee:34,7.04,3.0+OPENLOG+31954 MB+RV3028+BME68X+PMSX003-A+PMSX003-B,68,57,52,1007.82,0.00,9160,-49,1538702,0.54,1.11,3.61,0.54,1.11,3.61,5,5,307.16,76.89,13.58,5.42,3.79,2.37,0.83,1.00,2.15,0.83,1.00,2.15,4,4,284.85,78.19,8.34,2.14,1.37,1.29,62.62
2025/08/07T15:06:21z,48:3f:da:2a:ee:34,7.04,3.0+OPENLOG+31954 MB+RV3028+BME68X+PMSX003-A+PMSX003-B,67,57,51,1007.79,0.00,8904,-50,1538822,0.86,1.66,4.52,0.86,1.66,4.52,7,7,295.55,81.16,16.55,6.80,4.66,1.29,0.82,0.92,1.87,0.82,0.92,1.87,4,4,319.75,90.08,6.47,1.33,1.10,0.73,64.20
2025/08/07T15:08:21z,48:3f:da:2a:ee:34,7.04,3.0+OPENLOG+31954 MB+RV3028+BME68X+PMSX003-A+PMSX003-B,68,57,52,1007.81,0.00,8904,-46,1538942,0.36,0.93,2.97,0.36,0.93,2.97,4,4,266.43,71.74,9.83,3.47,2.74,2.74,0.58,0.77,2.12,0.58,0.77,2.12,3,3,313.68,89.40,10.42,2.30,1.40,1.40,66.38
2025/08/07T15:10:21z,48:3f:da:2a:ee:34,7.04,3.0+OPENLOG+31954 MB+RV3028+BME68X+PMSX003-A+PMSX003-B,68,56,52,1007.77,0.00,8904,-48,1539062,0.35,0.83,1.78,0.35,0.83,1.78,3,3,250.50,67.90,11.20,2.00,1.50,0.85,0.88,1.05,1.55,0.88,1.05,1.55,4,4,284.04,78.54,8.21,1.39,0.52,0.52,63.25
2025/08/07T15:12:21z,48:3f:da:2a:ee:34,7.04,3.0+OPENLOG+31954 MB+RV3028+BME68X+PMSX003-A+PMSX003-B,68,57,52,1007.68,0.00,8904,-51,1539182,0.66,1.56,2.85,0.66,1.56,2.85,6,6,307.32,83.24,14.64,3.00,1.88,1.42,0.64,0.86,1.63,0.64,0.86,1.63,4,4,343.32,96.44,9.85,1.24,1.02,0.25,61.10
2025/08/07T15:14:21z,48:3f:da:2a:ee:34,7.04,3.0+OPENLOG+31954 MB+RV3028+BME68X+PMSX003-A+PMSX003-B,68,56,52,1007.68,0.00,8904,-51,1539302,0.26,0.84,2.14,0.25,0.84,2.14,4,4,238.26,63.21,10.42,2.79,2.16,1.21,0.90,1.43,1.97,0.90,1.43,1.97,6,6,340.15,93.50,7.90,1.78,0.60,0.23,61.60
2025/08/07T15:16:21z,48:3f:da:2a:ee:34,7.04,3.0+OPENLOG+31954 MB+RV3028+BME68X+PMSX003-A+PMSX003-B,69,56,52,1007.71,0.00,9160,-49,1539422,0.71,1.31,4.79,0.71,1.31,4.79,5,5,269.22,77.74,14.74,5.17,4.55,3.88,1.00,1.19,2.53,1.00,1.19,2.53,5,5,340.78,95.66,9.25,2.29,1.78,1.41,61.57
2025/08/07T15:18:21z,48:3f:da:2a:ee:34,7.04,3.0+OPENLOG+31954 MB+RV3028+BME68X+PMSX003-A+PMSX003-B,68,56,51,1007.77,0.00,8904,-48,1539542,0.27,0.82,3.32,0.27,0.82,3.32,3,3,264.45,72.10,14.55,4.60,3.35,2.60,0.68,0.96,2.30,0.68,0.96,2.30,4,4,329.00,90.37,10.81,2.07,1.81,1.68,60.57
2025/08/07T15:20:21z,48:3f:da:2a:ee:34,7.04,3.0+OPENLOG+31954 MB+RV3028+BME68X+PMSX003-A+PMSX003-B,69,56,52,1007.80,0.00,8904,-50,1539662,0.63,1.15,2.80,0.63,1.15,2.80,5,5,264.15,73.60,12.45,2.70,2.70,1.25,0.43,0.80,1.00,0.43,0.80,1.00,3,3,285.48,82.09,9.05,0.64,0.29,0.00,62.08
2025/08/07T15:22:21z,48:3f:da:2a:ee:34,7.04,3.0+OPENLOG+31954 MB+RV3028+BME68X+PMSX003-A+PMSX003-B,68,56,51,1007.89,0.00,8904,-50,1539782,0.36,0.69,2.56,0.36,0.69,2.56,3,3,233.51,63.65,12.00,3.22,3.22,0.65,0.37,0.52,1.58,0.37,0.52,1.58,2,2,275.45,79.80,7.75,1.43,1.27,1.27,64.17
2025/08/07T15:24:21z,48:3f:da:2a:ee:34,7.04,3.0+OPENLOG+31954 MB+RV3028+BME68X+PMSX003-A+PMSX003-B,69,55,52,1007.97,0.00,8904,-50,1539902,0.00,0.47,1.95,0.00,0.47,1.95,2,2,188.05,50.79,13.58,3.89,1.84,1.11,0.93,1.10,2.66,0.93,1.10,2.66,5,5,317.64,95.29,11.90,2.29,2.09,1.69,60.43
2025/08/07T15:26:21z,48:3f:da:2a:ee:34,7.04,3.0+OPENLOG+31954 MB+RV3028+BME68X+PMSX003-A+PMSX003-B,68,55,51,1008.02,0.00,8904,-47,1540022,0.50,1.10,2.12,0.50,1.10,2.12,5,5,263.40,75.30,10.85,3.05,2.10,0.05,0.89,1.30,1.79,0.89,1.30,1.79,5,5,331.18,93.61,9.43,1.04,0.39,0.16,60.15
2025/08/07T15:28:21z,48:3f:da:2a:ee:34,7.04,3.0+OPENLOG+31954 MB+RV3028+BME68X+PMSX003-A+PMSX003-B,69,55,52,1008.00,0.00,8904,-51,1540142,0.67,1.31,3.59,0.67,1.31,3.59,5,5,282.57,80.53,13.66,3.98,3.21,1.91,1.00,1.00,2.14,1.00,1.00,2.14,4,4,291.32,76.14,8.55,1.62,1.62,1.32,59.75
2025/08/07T15:30:21z,48:3f:da:2a:ee:34,7.04,3.0+OPENLOG+31954 MB+RV3028+BME68X+PMSX003-A+PMSX003-B,68,55,51,1007.99,0.00,8904,-51,1540262,0.32,0.71,4.41,0.32,0.71,4.41,3,3,241.07,69.43,13.29,6.38,5.09,3.38,0.16,0.40,0.76,0.16,0.40,0.76,2,2,287.17,77.74,6.33,1.24,0.53,0.31,61.64
2025/08/07T15:32:21z,48:3f:da:2a:ee:34,7.04,3.0+OPENLOG+31954 MB+RV3028+BME68X+PMSX003-A+PMSX003-B,69,55,52,1008.01,0.00,9160,-51,1540382,0.43,1.23,2.34,0.43,1.23,2.34,5,5,260.68,77.89,13.50,4.34,1.66,0.75,0.68,0.83,1.22,0.68,0.83,1.22,3,3,313.53,91.61,8.08,0.98,0.51,0.32,60.62
2025/08/07T15:34:21z,48:3f:da:2a:ee:34,7.04,3.0+OPENLOG+31954 MB+RV3028+BME68X+PMSX003-A+PMSX003-B,69,55,52,1008.03,0.00,9160,-49,1540502,0.00,0.60,4.90,0.00,0.60,4.90,3,3,258.70,70.95,14.95,7.10,6.35,4.00,0.91,1.16,1.68,0.91,1.16,1.68,5,5,298.68,85.72,6.04,1.40,0.53,0.53,60.89
2025/08/07T15:36:21z,48:3f:da:2a:ee:34,7.04,3.0+OPENLOG+31954 MB+RV3028+BME68X+PMSX003-A+PMSX003-B,68,54,51,1008.05,0.00,8904,-49,1540622,0.36,1.09,3.59,0.36,1.09,3.59,5,5,272.33,71.07,15.52,5.22,3.47,2.12,0.84,1.00,1.64,0.84,1.00,1.64,4,4,300.10,83.52,7.66,1.78,0.69,0.45,67.27
2025/08/07T15:38:21z,48:3f:da:2a:ee:34,7.04,3.0+OPENLOG+31954 MB+RV3028+BME68X+PMSX003-A+PMSX003-B,69,55,52,1008.10,0.00,8904,-51,1540742,0.25,0.53,1.54,0.25,0.53,1.54,2,2,238.74,63.21,10.74,2.21,1.42,0.74,0.41,0.63,1.19,0.41,0.63,1.19,3,3,328.17,91.81,5.27,1.41,0.63,0.46,71.66
2025/08/07T15:40:21z,48:3f:da:2a:ee:34,7.04,3.0+OPENLOG+31954 MB+RV3028+BME68X+PMSX003-A+PMSX003-B,69,55,52,1008.12,0.00,9160,-50,1540862,0.18,0.54,3.44,0.18,0.54,3.44,2,2,227.53,59.68,10.79,4.16,3.63,3.11,0.83,1.23,2.00,0.83,1.23,2.00,5,5,309.75,87.08,8.70,1.82,1.35,0.65,64.99
2025/08/07T15:42:20z,48:3f:da:2a:ee:34,7.04,3.0+OPENLOG+31954 MB+RV3028+BME68X+PMSX003-A+PMSX003-B,69,54,52,1008.12,0.00,9160,-47,1540982,0.29,1.19,2.53,0.29,1.19,2.53,5,5,251.53,69.00,12.67,3.57,1.81,0.98,0.82,0.95,1.35,0.82,0.95,1.35,4,4,289.16,82.68,8.70,0.95,0.26,0.26,61.18
2025/08/07T15:44:21z,48:3f:da:2a:ee:34,7.04,3.0+OPENLOG+31954 MB+RV3028+BME68X+PMSX003-A+PMSX003-B,68,54,51,1008.13,0.00,8992,-48,1541102,0.25,0.47,3.87,0.25,0.47,3.87,2,2,239.10,64.60,13.20,5.35,5.10,1.70,0.88,1.32,2.29,0.88,1.32,2.29,6,6,334.77,99.70,10.12,2.00,1.36,1.16,62.73
2025/08/07T15:46:21z,48:3f:da:2a:ee:34,7.04,3.0+OPENLOG+31954 MB+RV3028+BME68X+PMSX003-A+PMSX003-B,69,55,52,1008.15,0.00,8736,-50,1541222,0.07,0.90,4.79,0.07,0.90,4.79,4,4,260.33,69.52,13.55,6.62,5.90,3.57,0.80,1.08,2.03,0.80,1.08,2.03,5,5,318.71,88.71,7.24,1.46,1.31,0.95,61.63
2025/08/07T15:48:21z,48:3f:da:2a:ee:34,7.04,3.0+OPENLOG+31954 MB+RV3028+BME68X+PMSX003-A+PMSX003-B,68,55,51,1008.19,0.00,8904,-52,1541342,0.76,1.51,2.64,0.76,1.51,2.64,6,6,315.56,84.36,15.31,2.85,1.63,0.51,0.27,0.88,1.77,0.27,0.88,1.77,4,4,271.98,75.20,8.59,1.64,1.11,1.11,71.25
2025/08/07T15:50:21z,48:3f:da:2a:ee:34,7.04,3.0+OPENLOG+31954 MB+RV3028+BME68X+PMSX003-A+PMSX003-B,69,55,52,1008.18,0.00,9160,-48,1541462,0.19,0.93,4.41,0.19,0.93,4.41,4,4,239.80,63.25,13.73,6.00,4.78,3.41,0.91,1.03,2.10,0.91,1.03,2.10,4,4,315.36,87.91,9.19,2.26,1.17,0.76,68.40
2025/08/07T15:52:21z,48:3f:da:2a:ee:34,7.04,3.0+OPENLOG+31954 MB+RV3028+BME68X+PMSX003-A+PMSX003-B,69,55,52,1008.21,0.00,8904,-51,1541582,0.12,1.16,3.61,0.12,1.16,3.61,5,5,266.14,69.27,18.05,6.05,3.86,1.12,0.69,0.81,1.52,0.69,0.81,1.52,3,3,331.91,94.09,8.28,1.97,0.98,0.38,62.58
2025/08/07T15:54:21z,48:3f:da:2a:ee:34,7.04,3.0+OPENLOG+31954 MB+RV3028+BME68X+PMSX003-A+PMSX003-B,69,54,51,1008.17,0.00,9160,-51,1541702,0.42,1.25,2.00,0.42,1.25,2.00,5,5,254.84,65.26,10.63,2.63,1.53,0.53,0.93,1.05,1.97,0.93,1.05,1.97,4,4,293.50,85.65,6.93,1.95,1.15,1.15,61.74
2025/08/07T15:56:21z,48:3f:da:2a:ee:34,7.04,3.0+OPENLOG+31954 MB+RV3028+BME68X+PMSX003-A+PMSX003-B,68,55,51,1008.20,0.00,8904,-51,1541822,0.34,0.68,3.88,0.34,0.68,3.88,3,3,249.10,71.14,12.05,5.08,4.32,3.25,0.70,0.88,1.93,0.70,0.88,1.93,4,4,284.42,80.47,9.18,1.88,1.42,0.98,66.44
2025/08/07T15:58:21z,48:3f:da:2a:ee:34,7.04,3.0+OPENLOG+31954 MB+RV3028+BME68X+PMSX003-A+PMSX003-B,68,55,51,1008.22,0.00,8904,-52,1541942,0.32,0.92,4.86,0.32,0.92,4.86,4,4,288.00,78.92,15.36,7.07,5.54,3.36,0.57,0.75,1.57,0.57,0.75,1.57,3,3,289.07,80.21,5.79,1.16,0.96,0.71,63.52
2025/08/07T16:00:21z,48:3f:da:2a:ee:34,7.04,3.0+OPENLOG+31954 MB+RV3028+BME68X+PMSX003-A+PMSX003-B,69,55,52,1008.21,0.00,8904,-50,1542062,0.43,0.88,2.71,0.43,0.88,2.71,4,4,280.93,75.21,11.95,3.32,2.36,2.36,0.95,1.19,1.50,0.95,1.19,1.50,5,5,299.53,83.69,10.05,0.78,0.36,0.36,61.63
2025/08/07T16:02:21z,48:3f:da:2a:ee:34,7.04,3.0+OPENLOG+31954 MB+RV3028+BME68X+PMSX003-A+PMSX003-B,69,54,51,1008.20,0.00,8904,-51,1542182,0.41,0.98,3.07,0.41,0.98,3.07,4,4,291.00,76.12,11.30,3.75,2.73,1.12,1.12,1.59,2.31,1.12,1.59,2.31,7,7,330.88,92.93,13.09,2.19,0.97,0.60,60.68
2025/08/07T16:04:21z,48:3f:da:2a:ee:34,7.04,3.0+OPENLOG+31954 MB+RV3028+BME68X+PMSX003-A+PMSX003-B,69,53,51,1008.21,0.00,8904,-52,1542302,0.54,1.31,3.54,0.54,1.31,3.54,5,5,310.27,85.88,13.12,4.63,3.10,1.83,0.67,0.88,1.53,0.67,0.88,1.53,4,4,278.47,78.68,7.77,1.46,0.91,0.74,62.12
2025/08/07T16:06:21z,48:3f:da:2a:ee:34,7.04,3.0+OPENLOG+31954 MB+RV3028+BME68X+PMSX003-A+PMSX003-B,69,53,51,1008.24,0.00,9160,-52,1542422,0.21,0.55,3.64,0.21,0.55,3.64,2,2,230.90,64.97,11.95,5.48,4.86,2.74,0.67,0.86,1.84,0.67,0.86,1.84,4,4,277.53,82.51,8.32,1.51,1.23,1.23,62.16
2025/08/07T16:08:21z,48:3f:da:2a:ee:34,7.04,3.0+OPENLOG+31954 MB+RV3028+BME68X+PMSX003-A+PMSX003-B,68,54,50,1008.28,0.00,8904,-46,1542542,0.46,0.75,0.75,0.46,0.75,0.75,3,3,250.74,62.58,5.63,0.63,0.00,0.00,0.47,0.83,1.41,0.47,0.83,1.41,3,3,308.59,88.14,11.12,1.59,0.63,0.41,63.23
2025/08/07T16:10:21z,48:3f:da:2a:ee:34,7.04,3.0+OPENLOG+31954 MB+RV3028+BME68X+PMSX003-A+PMSX003-B,68,54,50,1008.39,0.00,8904,-49,1542662,0.12,0.73,2.27,0.12,0.73,2.27,3,3,218.41,60.80,11.04,2.14,2.14,1.82,0.57,0.67,1.50,0.57,0.67,1.50,3,3,310.09,90.90,7.52,1.62,1.28,0.83,64.24
2025/08/07T16:12:21z,48:3f:da:2a:ee:34,7.04,3.0+OPENLOG+31954 MB+RV3028+BME68X+PMSX003-A+PMSX003-B,69,54,51,1008.48,0.00,8904,-50,1542782,0.19,0.78,2.98,0.19,0.78,2.98,3,3,232.14,63.67,14.59,4.66,3.31,2.38,0.73,1.19,3.36,0.73,1.19,3.36,5,5,297.97,86.22,11.31,4.02,2.59,2.08,68.57
2025/08/07T16:14:21z,48:3f:da:2a:ee:34,7.04,3.0+OPENLOG+31954 MB+RV3028+BME68X+PMSX003-A+PMSX003-B,70,53,52,1008.49,0.00,8904,-50,1542902,0.42,1.34,2.86,0.42,1.34,2.86,6,6,280.07,81.20,17.54,3.92,2.14,0.76,0.61,0.84,1.63,0.61,0.84,1.63,4,4,286.68,79.26,7.79,1.16,0.93,0.49,67.68
2025/08/07T16:16:21z,48:3f:da:2a:ee:34,7.04,3.0+OPENLOG+31954 MB+RV3028+BME68X+PMSX003-A+PMSX003-B,70,52,51,1008.55,0.00,8904,-48,1543022,0.30,0.72,1.60,0.30,0.72,1.60,3,3,269.53,68.89,9.37,2.00,1.53,0.00,0.70,0.95,1.51,0.70,0.95,1.51,4,4,261.84,74.96,7.14,0.89,0.68,0.00,72.50
2025/08/07T16:18:21z,48:3f:da:2a:ee:34,7.04,3.0+OPENLOG+31954 MB+RV3028+BME68X+PMSX003-A+PMSX003-B,69,52,50,1008.61,0.00,9160,-48,1543142,0.02,1.09,3.55,0.02,1.09,3.55,5,5,254.25,68.14,15.75,5.52,3.54,2.14,0.31,0.56,1.81,0.31,0.56,1.81,2,2,283.93,79.32,7.46,1.90,1.83,1.22,73.82
2025/08/07T16:20:21z,48:3f:da:2a:ee:34,7.04,3.0+OPENLOG+31954 MB+RV3028+BME68X+PMSX003-A+PMSX003-B,69,52,50,1008.61,0.00,9160,-49,1543262,0.28,1.26,2.05,0.28,1.26,2.05,5,5,254.05,67.42,11.89,2.58,1.11,1.11,0.24,0.43,0.48,0.24,0.43,0.48,2,2,272.43,77.45,6.34,0.71,0.07,0.07,64.98
2025/08/07T16:22:21z,48:3f:da:2a:ee:34,7.04,3.0+OPENLOG+31954 MB+RV3028+BME68X+PMSX003-A+PMSX003-B,70,52,51,1008.62,0.00,8904,-50,1543382,0.20,1.08,4.68,0.20,1.08,4.68,5,5,260.85,70.17,18.76,6.71,5.85,1.12,0.96,1.00,1.43,0.96,1.00,1.43,4,4,293.95,83.36,6.71,1.00,0.45,0.45,62.79
2025/08/07T16:24:21z,48:3f:da:2a:ee:34,7.04,3.0+OPENLOG+31954 MB+RV3028+BME68X+PMSX003-A+PMSX003-B,70,52,51,1008.57,0.00,9160,-51,1543502,0.17,1.03,2.52,0.17,1.03,2.52,4,4,282.10,68.22,10.76,4.66,2.02,1.29,0.58,0.68,1.63,0.58,0.68,1.63,3,3,304.42,80.88,8.81,1.86,1.37,0.75,62.08
2025/08/07T16:26:21z,48:3f:da:2a:ee:34,7.04,3.0+OPENLOG+31954 MB+RV3028+BME68X+PMSX003-A+PMSX003-B,70,52,51,1008.57,0.00,8904,-50,1543622,0.41,1.00,1.64,0.41,1.00,1.64,4,4,237.38,62.57,12.75,2.73,1.29,0.00,0.16,0.24,0.47,0.16,0.24,0.47,1,1,296.79,85.16,5.52,0.64,0.00,0.00,62.86
2025/08/07T16:28:21z,48:3f:da:2a:ee:34,7.04,3.0+OPENLOG+31954 MB+RV3028+BME68X+PMSX003-A+PMSX003-B,70,52,51,1008.54,0.00,8904,-52,1543742,0.14,1.05,3.86,0.14,1.05,3.86,4,4,219.95,58.89,15.32,7.00,3.16,2.58,0.22,0.74,1.05,0.22,0.74,1.05,3,3,274.97,77.93,7.22,0.83,0.41,0.41,63.42
2025/08/07T16:30:21z,48:3f:da:2a:ee:34,7.04,3.0+OPENLOG+31954 MB+RV3028+BME68X+PMSX003-A+PMSX003-B,71,51,52,1008.52,0.00,9160,-50,1543862,0.40,0.84,2.05,0.40,0.84,2.05,4,4,243.16,60.05,8.74,2.33,1.81,1.55,0.61,0.70,1.14,0.61,0.70,1.14,3,3,289.74,82.11,7.98,0.88,0.61,0.39,66.02
2025/08/07T16:32:21z,48:3f:da:2a:ee:34,7.04,3.0+OPENLOG+31954 MB+RV3028+BME68X+PMSX003-A+PMSX003-B,71,51,52,1008.53,0.00,8904,-51,1543982,0.41,1.05,3.93,0.41,1.05,3.93,4,4,279.00,77.34,14.85,4.98,4.27,2.24,0.43,0.52,1.20,0.43,0.52,1.20,2,2,273.70,80.66,8.05,1.25,0.71,0.71,64.64
2025/08/07T16:34:21z,48:3f:da:2a:ee:34,7.04,3.0+OPENLOG+31954 MB+RV3028+BME68X+PMSX003-A+PMSX003-B,71,51,52,1008.51,0.00,8904,-53,1544102,0.27,0.80,2.80,0.27,0.80,2.80,3,3,232.23,64.82,10.71,3.21,3.21,1.07,0.68,1.12,1.72,0.68,1.12,1.72,5,5,293.70,80.55,7.93,1.77,0.83,0.55,67.67
2025/08/07T16:36:21z,48:3f:da:2a:ee:34,7.04,3.0+OPENLOG+31954 MB+RV3028+BME68X+PMSX003-A+PMSX003-B,71,51,52,1008.50,0.00,9160,-52,1544222,0.88,1.30,2.91,0.88,1.30,2.91,5,5,290.57,81.21,13.55,2.14,2.14,1.61,1.29,1.47,2.20,1.29,1.47,2.20,6,6,377.80,106.80,11.08,1.10,0.83,0.75,69.60
2025/08/07T16:38:21z,48:3f:da:2a:ee:34,7.04,3.0+OPENLOG+31954 MB+RV3028+BME68X+PMSX003-A+PMSX003-B,70,52,51,1008.58,0.00,9160,-54,1544342,0.61,1.29,3.54,0.61,1.29,3.54,5,5,308.44,82.83,18.97,3.25,3.25,2.54,0.93,1.60,3.21,0.93,1.60,3.21,7,7,387.16,107.16,12.38,3.45,2.07,1.83,71.72
2025/08/07T16:40:21z,48:3f:da:2a:ee:34,7.04,3.0+OPENLOG+31954 MB+RV3028+BME68X+PMSX003-A+PMSX003-B,70,52,52,1008.61,0.00,8904,-53,1544462,0.64,1.48,4.00,0.64,1.48,4.00,6,6,274.50,81.31,15.83,5.33,3.62,2.38,0.93,1.52,2.82,0.93,1.52,2.82,6,6,366.05,103.02,9.34,2.93,1.86,1.39,65.09
2025/08/07T16:42:21z,48:3f:da:2a:ee:34,7.04,3.0+OPENLOG+31954 MB+RV3028+BME68X+PMSX003-A+PMSX003-B,70,53,52,1008.66,0.00,8904,-53,1544582,0.67,1.72,2.96,0.67,1.72,2.96,7,7,320.05,82.05,13.58,4.37,1.37,1.05,0.98,1.40,2.48,0.98,1.40,2.48,6,6,361.71,102.64,10.88,2.14,1.43,1.21,63.36
2025/08/07T16:44:21z,48:3f:da:2a:ee:34,7.04,3.0+OPENLOG+31954 MB+RV3028+BME68X+PMSX003-A+PMSX003-B,70,53,52,1008.70,0.00,8736,-49,1544703,0.70,0.93,3.07,0.70,0.93,3.07,4,4,263.41,74.46,12.70,3.21,3.11,2.36,0.73,1.31,2.66,0.73,1.31,2.66,5,5,380.08,104.34,13.10,2.61,1.24,1.05,67.33
2025/08/07T16:46:21z,48:3f:da:2a:ee:34,7.04,3.0+OPENLOG+31954 MB+RV3028+BME68X+PMSX003-A+PMSX003-B,71,52,52,1008.72,0.00,8736,-48,1544823,0.47,1.14,2.53,0.47,1.14,2.53,5,5,289.53,76.78,15.71,2.80,2.24,0.71,1.30,1.79,2.59,1.30,1.79,2.59,7,7,410.68,116.61,10.66,2.36,0.75,0.75,64.76
2025/08/07T16:48:21z,48:3f:da:2a:ee:34,7.04,3.0+OPENLOG+31954 MB+RV3028+BME68X+PMSX003-A+PMSX003-B,70,53,52,1008.77,0.00,8904,-52,1544943,0.46,1.38,3.14,0.46,1.38,3.14,6,6,327.86,89.41,14.04,4.93,1.88,1.88,0.97,1.53,3.76,0.97,1.53,3.76,6,6,384.00,108.78,11.81,4.25,3.24,2.34,60.97
2025/08/07T16:50:21z,48:3f:da:2a:ee:34,7.04,3.0+OPENLOG+31954 MB+RV3028+BME68X+PMSX003-A+PMSX003-B,71,53,53,1008.82,0.00,8904,-53,1545063,0.69,1.62,3.29,0.69,1.62,3.29,7,7,307.55,81.21,16.55,3.88,2.38,1.55,0.83,1.34,1.90,0.83,1.34,1.90,6,6,367.45,105.36,10.22,1.19,0.59,0.59,63.16
2025/08/07T16:52:21z,48:3f:da:2a:ee:34,7.04,3.0+OPENLOG+31954 MB+RV3028+BME68X+PMSX003-A+PMSX003-B,70,52,52,1008.85,0.00,8904,-52,1545183,0.58,1.05,4.38,0.58,1.05,4.38,4,4,312.15,83.40,13.55,5.95,4.70,2.70,1.21,1.57,1.83,1.21,1.57,1.83,7,7,391.60,110.14,10.05,0.60,0.22,0.22,62.24
2025/08/07T16:54:21z,48:3f:da:2a:ee:34,7.04,3.0+OPENLOG+31954 MB+RV3028+BME68X+PMSX003-A+PMSX003-B,70,53,52,1008.86,0.00,8904,-50,1545303,0.85,1.88,5.24,0.85,1.88,5.24,8,8,332.39,92.69,21.00,6.25,4.58,3.41,1.11,1.65,2.77,1.11,1.65,2.77,7,7,374.89,110.88,13.96,2.25,1.63,1.14,63.55
2025/08/07T16:56:21z,48:3f:da:2a:ee:34,7.04,3.0+OPENLOG+31954 MB+RV3028+BME68X+PMSX003-A+PMSX003-B,70,53,52,1008.90,0.00,9160,-52,1545423,0.82,2.11,7.25,0.82,2.11,7.25,9,9,336.00,90.16,22.05,11.11,7.05,5.00,0.67,0.88,1.63,0.67,0.88,1.63,4,4,337.95,93.60,7.15,1.28,1.12,0.82,62.86
2025/08/07T16:58:21z,48:3f:da:2a:ee:34,7.04,3.0+OPENLOG+31954 MB+RV3028+BME68X+PMSX003-A+PMSX003-B,71,53,53,1008.91,0.00,8904,-50,1545543,0.67,1.74,5.24,0.67,1.74,5.24,7,7,306.31,86.79,18.52,7.81,5.38,2.22,1.05,1.39,2.32,1.05,1.39,2.32,6,6,360.15,104.68,10.59,1.61,1.05,0.69,63.74
2025/08/07T17:00:21z,48:3f:da:2a:ee:34,7.04,3.0+OPENLOG+31954 MB+RV3028+BME68X+PMSX003-A+PMSX003-B,70,52,51,1009.00,0.00,9160,-53,1545663,0.93,1.58,3.97,0.92,1.58,3.97,7,7,364.20,92.15,15.75,5.15,3.25,1.25,1.35,1.49,2.77,1.35,1.49,2.77,6,6,389.05,110.09,11.07,1.68,1.68,0.86,63.36
2025/08/07T17:02:21z,48:3f:da:2a:ee:34,7.04,3.0+OPENLOG+31954 MB+RV3028+BME68X+PMSX003-A+PMSX003-B,71,52,52,1009.02,0.00,8904,-52,1545783,0.95,1.46,5.00,0.95,1.46,5.00,6,6,316.07,90.46,16.78,7.88,5.19,0.97,1.12,1.97,3.16,1.12,1.97,3.16,8,8,411.83,117.34,11.84,2.05,1.57,1.33,66.63
2025/08/07T17:04:21z,48:3f:da:2a:ee:34,7.04,3.0+OPENLOG+31954 MB+RV3028+BME68X+PMSX003-A+PMSX003-B,71,53,53,1009.02,0.00,9160,-50,1545903,0.67,1.67,4.21,0.67,1.67,4.21,7,7,303.79,83.53,18.89,5.53,3.63,2.11,0.95,1.58,2.18,0.95,1.58,2.18,7,7,372.55,108.32,12.42,1.57,0.75,0.58,66.37
2025/08/07T17:06:21z,48:3f:da:2a:ee:34,7.04,3.0+OPENLOG+31954 MB+RV3028+BME68X+PMSX003-A+PMSX003-B,71,52,52,1009.05,0.00,8904,-49,1546023,0.65,1.05,3.19,0.65,1.05,3.19,4,4,353.05,89.21,13.00,3.74,3.21,1.89,0.97,1.36,2.59,0.97,1.36,2.59,6,6,327.97,89.64,8.05,1.93,1.53,1.32,70.15
2025/08/07T17:08:21z,48:3f:da:2a:ee:34,7.04,3.0+OPENLOG+31954 MB+RV3028+BME68X+PMSX003-A+PMSX003-B,70,53,52,1009.05,0.00,9160,-51,1546143,0.98,2.27,6.02,0.98,2.27,6.02,9,9,394.17,103.17,20.90,8.90,4.93,2.69,1.39,1.75,3.25,1.39,1.75,3.25,7,7,398.44,112.88,9.88,2.36,2.02,1.59,70.16
2025/08/07T17:10:21z,48:3f:da:2a:ee:34,7.04,3.0+OPENLOG+31954 MB+RV3028+BME68X+PMSX003-A+PMSX003-B,71,52,52,1009.02,0.00,9160,-50,1546263,0.80,2.41,4.64,0.80,2.41,4.64,10,10,318.71,87.10,20.95,8.49,3.36,1.68,1.18,1.85,2.69,1.18,1.85,2.69,8,8,408.60,115.25,15.45,1.82,1.29,0.76,63.48
2025/08/07T17:12:21z,48:3f:da:2a:ee:34,7.04,3.0+OPENLOG+31954 MB+RV3028+BME68X+PMSX003-A+PMSX003-B,71,52,52,1009.02,0.00,8904,-54,1546383,0.56,1.40,3.07,0.56,1.40,3.07,6,6,344.53,91.05,12.74,4.42,2.58,1.42,1.21,1.74,3.29,1.21,1.74,3.29,7,7,461.59,129.07,15.79,2.66,1.84,0.90,72.61
2025/08/07T17:14:21z,48:3f:da:2a:ee:34,7.04,3.0+OPENLOG+31954 MB+RV3028+BME68X+PMSX003-A+PMSX003-B,71,52,52,1009.03,0.00,8904,-50,1546503,0.74,2.14,4.62,0.74,2.14,4.62,9,9,416.07,114.02,24.98,6.31,3.31,2.69,1.34,2.14,2.83,1.34,2.14,2.83,9,9,418.32,122.53,15.39,2.64,1.03,0.66,77.96
2025/08/07T17:16:21z,48:3f:da:2a:ee:34,7.04,3.0+OPENLOG+31954 MB+RV3028+BME68X+PMSX003-A+PMSX003-B,71,52,52,1009.04,0.00,8904,-49,1546623,1.27,2.03,4.22,1.27,2.03,4.22,8,8,452.90,117.25,16.73,4.32,3.15,1.73,1.34,1.91,3.07,1.34,1.91,3.07,8,8,460.24,132.02,15.72,2.45,1.57,1.41,65.62
2025/08/07T17:18:21z,48:3f:da:2a:ee:34,7.04,3.0+OPENLOG+31954 MB+RV3028+BME68X+PMSX003-A+PMSX003-B,70,52,51,1009.06,0.00,8904,-52,1546743,0.53,1.62,5.07,0.53,1.62,5.07,7,7,381.26,101.64,21.00,6.31,5.12,3.16,1.60,1.82,2.84,1.60,1.82,2.84,8,8,458.45,131.65,10.67,1.55,1.53,0.95,62.33
2025/08/07T17:20:21z,48:3f:da:2a:ee:34,7.04,3.0+OPENLOG+31954 MB+RV3028+BME68X+PMSX003-A+PMSX003-B,71,53,53,1009.10,0.00,8904,-50,1546863,1.36,2.28,5.17,1.36,2.28,5.17,9,9,445.34,116.64,20.59,5.79,4.19,2.33,1.82,2.47,3.14,1.82,2.47,3.14,10,10,477.79,131.09,13.61,2.61,0.84,0.25,62.92
2025/08/07T17:22:21z,48:3f:da:2a:ee:34,7.04,3.0+OPENLOG+31954 MB+RV3028+BME68X+PMSX003-A+PMSX003-B,71,53,53,1009.11,0.00,8904,-52,1546983,0.93,1.86,4.73,0.93,1.86,4.73,8,8,380.89,102.48,15.32,6.16,4.02,1.82,1.42,1.98,2.58,1.42,1.98,2.58,8,8,443.03,121.86,10.05,1.44,0.88,0.46,67.97
2025/08/07T17:24:21z,48:3f:da:2a:ee:34,7.04,3.0+OPENLOG+31954 MB+RV3028+BME68X+PMSX003-A+PMSX003-B,70,53,52,1009.13,0.00,8904,-50,1547103,1.25,2.09,4.37,1.25,2.09,4.37,9,9,401.21,114.47,15.84,4.47,3.16,2.42,1.71,2.21,2.98,1.71,2.21,2.98,9,9,446.69,127.05,15.29,2.12,1.10,0.17,69.36
2025/08/07T17:26:21z,48:3f:da:2a:ee:34,7.04,3.0+OPENLOG+31954 MB+RV3028+BME68X+PMSX003-A+PMSX003-B,71,52,52,1009.11,0.00,9160,-52,1547223,0.75,1.15,3.14,0.75,1.15,3.14,5,5,359.85,99.10,12.97,3.46,2.69,1.58,1.30,1.96,1.96,1.30,1.96,1.96,8,8,416.84,113.96,11.84,0.96,0.00,0.00,62.73
2025/08/07T17:28:21z,48:3f:da:2a:ee:34,7.04,3.0+OPENLOG+31954 MB+RV3028+BME68X+PMSX003-A+PMSX003-B,71,52,52,1009.11,0.00,8904,-52,1547343,0.66,1.31,6.81,0.66,1.31,6.81,5,5,381.57,91.03,17.43,9.47,7.45,4.97,1.11,1.57,2.32,1.11,1.57,2.32,7,7,404.52,113.52,8.96,1.45,1.00,0.55,61.58
2025/08/07T17:30:21z,48:3f:da:2a:ee:34,7.04,3.0+OPENLOG+31954 MB+RV3028+BME68X+PMSX003-A+PMSX003-B,71,53,53,1009.17,0.00,8904,-51,1547463,1.46,2.57,4.45,1.46,2.57,4.45,11,11,426.54,112.88,22.71,5.14,2.36,2.36,1.21,1.91,3.19,1.21,1.91,3.19,8,8,444.05,127.98,16.48,2.19,2.19,0.78,61.10
2025/08/07T17:32:21z,48:3f:da:2a:ee:34,7.04,3.0+OPENLOG+31954 MB+RV3028+BME68X+PMSX003-A+PMSX003-B,71,53,53,1009.21,0.00,9160,-51,1547583,1.38,2.79,6.71,1.38,2.79,6.71,12,12,438.75,116.36,24.64,7.71,5.36,3.75,2.00,2.63,3.71,2.00,2.63,3.71,11,11,473.64,136.85,14.29,2.46,1.42,1.17,70.64
2025/08/07T17:34:21z,48:3f:da:2a:ee:34,7.04,3.0+OPENLOG+31954 MB+RV3028+BME68X+PMSX003-A+PMSX003-B,70,52,52,1009.24,0.00,9160,-50,1547703,1.05,2.57,6.08,1.05,2.57,6.08,11,11,471.80,123.95,24.35,8.25,5.65,1.75,1.91,2.82,5.14,1.91,2.82,5.14,12,12,518.41,147.04,22.34,4.16,3.09,2.93,67.81
2025/08/07T17:36:21z,48:3f:da:2a:ee:34,7.04,3.0+OPENLOG+31954 MB+RV3028+BME68X+PMSX003-A+PMSX003-B,70,53,52,1009.27,0.00,8904,-50,1547823,1.02,2.20,6.29,1.02,2.20,6.29,9,9,415.22,104.03,23.24,8.80,5.03,3.81,1.67,2.04,3.21,1.67,2.04,3.21,8,8,470.37,135.14,12.25,1.75,1.75,0.91,61.56
2025/08/07T17:38:21z,48:3f:da:2a:ee:34,7.04,3.0+OPENLOG+31954 MB+RV3028+BME68X+PMSX003-A+PMSX003-B,70,54,52,1009.34,0.00,8904,-50,1547943,1.32,2.41,4.95,1.32,2.41,4.95,10,10,428.46,115.55,19.77,5.20,3.86,2.09,1.67,2.31,3.19,1.67,2.31,3.19,10,10,442.60,126.21,13.45,2.00,1.14,0.64,60.43
2025/08/07T17:40:21z,48:3f:da:2a:ee:34,7.04,3.0+OPENLOG+31954 MB+RV3028+BME68X+PMSX003-A+PMSX003-B,69,55,52,1009.35,0.00,8904,-50,1548063,0.75,1.80,5.00,0.75,1.80,5.00,8,8,434.62,116.75,21.70,6.21,5.04,1.98,1.31,2.12,3.37,1.31,2.12,3.37,9,9,528.31,145.10,14.95,2.39,1.73,1.54,60.78
2025/08/07T17:42:21z,48:3f:da:2a:ee:34,7.04,3.0+OPENLOG+31954 MB+RV3028+BME68X+PMSX003-A+PMSX003-B,69,55,52,1009.34,0.00,9160,-52,1548183,1.27,2.40,4.27,1.27,2.40,4.27,10,10,410.15,112.32,20.00,3.35,2.60,2.00,1.89,2.44,3.56,1.89,2.44,3.56,10,10,474.84,134.65,12.14,1.93,1.40,1.14,61.62
2025/08/07T17:44:22z,48:3f:da:2a:ee:34,7.04,3.0+OPENLOG+31954 MB+RV3028+BME68X+PMSX003-A+PMSX003-B,70,55,53,1009.35,0.00,8736,-55,1548303,1.00,1.63,6.22,1.00,1.63,6.22,7,7,366.00,101.75,20.45,7.05,6.35,4.35,1.82,2.14,3.91,1.82,2.14,3.91,9,9,473.95,131.41,14.48,2.98,2.27,1.79,61.76
2025/08/07T17:46:22z,48:3f:da:2a:ee:34,7.04,3.0+OPENLOG+31954 MB+RV3028+BME68X+PMSX003-A+PMSX003-B,70,55,53,1009.38,0.00,8736,-53,1548423,1.07,2.53,6.02,1.07,2.53,6.02,11,11,419.84,121.53,21.05,7.58,4.63,4.00,2.14,2.67,3.93,2.14,2.67,3.93,11,11,529.34,148.67,16.36,2.22,1.64,0.88,62.02
2025/08/07T17:48:22z,48:3f:da:2a:ee:34,7.04,3.0+OPENLOG+31954 MB+RV3028+BME68X+PMSX003-A+PMSX003-B,70,54,52,1009.42,0.00,8904,-51,1548543,1.32,2.10,4.92,1.32,2.10,4.92,9,9,444.90,123.85,19.40,4.40,3.90,2.75,2.13,2.95,3.85,2.13,2.95,3.85,12,12,541.15,154.49,17.64,2.00,1.31,0.55,61.72
2025/08/07T17:50:22z,48:3f:da:2a:ee:34,7.04,3.0+OPENLOG+31954 MB+RV3028+BME68X+PMSX003-A+PMSX003-B,69,55,52,1009.46,0.00,8904,-50,1548663,1.24,2.53,5.93,1.24,2.53,5.93,11,11,414.56,115.17,23.54,6.61,4.63,4.07,2.04,3.19,3.84,2.04,3.19,3.84,13,13,544.26,154.74,20.19,2.46,0.88,0.72,61.93
2025/08/07T17:52:22z,48:3f:da:2a:ee:34,7.04,3.0+OPENLOG+31954 MB+RV3028+BME68X+PMSX003-A+PMSX003-B,69,55,52,1009.51,0.00,8904,-52,1548783,0.96,1.98,3.79,0.96,1.98,3.79,8,8,357.16,101.36,14.57,4.71,2.95,0.59,1.95,2.29,3.07,1.95,2.29,3.07,10,10,464.14,138.10,9.15,1.73,0.75,0.58,62.12
2025/08/07T17:54:22z,48:3f:da:2a:ee:34,7.04,3.0+OPENLOG+31954 MB+RV3028+BME68X+PMSX003-A+PMSX003-B,70,56,53,1009.51,0.00,9160,-51,1548903,0.51,1.65,6.18,0.51,1.65,6.18,7,7,361.89,100.84,20.47,8.53,6.53,3.74,1.47,2.00,3.55,1.47,2.00,3.55,8,8,408.16,117.95,12.84,2.41,2.00,1.76,61.71
2025/08/07T17:56:22z,48:3f:da:2a:ee:34,7.04,3.0+OPENLOG+31954 MB+RV3028+BME68X+PMSX003-A+PMSX003-B,70,56,53,1009.51,0.00,9160,-58,1549023,0.83,1.71,4.09,0.83,1.71,4.09,7,7,339.21,91.91,16.09,5.07,2.64,2.64,1.48,2.45,3.57,1.48,2.45,3.57,10,10,430.29,129.41,17.73,4.34,1.46,0.45,64.68
2025/08/07T17:58:22z,48:3f:da:2a:ee:34,7.04,3.0+OPENLOG+31954 MB+RV3028+BME68X+PMSX003-A+PMSX003-B,69,56,52,1009.53,0.00,8904,-50,1549143,0.71,1.69,3.93,0.71,1.69,3.93,7,7,329.64,88.37,19.42,4.02,3.25,3.25,1.45,2.04,3.14,1.45,2.04,3.14,8,8,448.23,132.75,13.32,2.25,1.27,1.21,66.34
2025/08/07T18:00:22z,48:3f:da:2a:ee:34,7.04,3.0+OPENLOG+31954 MB+RV3028+BME68X+PMSX003-A+PMSX003-B,69,57,53,1009.58,0.00,8904,-49,1549263,0.68,1.46,4.88,0.68,1.46,4.88,6,6,349.55,100.02,17.04,6.59,4.61,2.52,1.14,1.68,1.85,1.14,1.68,1.85,7,7,433.98,125.20,9.80,0.61,0.44,0.00,65.93
2025/08/07T18:02:22z,48:3f:da:2a:ee:34,7.04,3.0+OPENLOG+31954 MB+RV3028+BME68X+PMSX003-A+PMSX003-B,69,56,53,1009.56,0.00,9160,-50,1549383,0.70,1.27,4.29,0.70,1.27,4.29,5,5,317.41,87.32,15.86,5.46,3.59,3.05,1.56,1.75,2.78,1.56,1.75,2.78,7,7,405.00,113.85,9.02,1.86,1.31,1.15,62.63
2025/08/07T18:04:22z,48:3f:da:2a:ee:34,7.04,3.0+OPENLOG+31954 MB+RV3028+BME68X+PMSX003-A+PMSX003-B,70,56,54,1009.55,0.00,9160,-52,1549503,1.00,1.63,4.41,1.00,1.63,4.41,7,7,344.75,97.93,11.95,5.44,4.02,2.54,1.30,1.68,2.84,1.30,1.68,2.84,7,7,401.84,114.96,10.19,1.79,1.42,0.98,62.62
2025/08/07T18:06:22z,48:3f:da:2a:ee:34,7.04,3.0+OPENLOG+31954 MB+RV3028+BME68X+PMSX003-A+PMSX003-B,69,57,53,1009.57,0.00,8904,-51,1549623,0.71,1.72,3.62,0.71,1.72,3.62,7,7,351.93,101.64,17.69,4.55,2.64,1.34,1.59,2.00,3.20,1.59,2.00,3.20,8,8,426.64,115.68,14.70,2.23,1.50,0.93,61.85
2025/08/07T18:08:22z,48:3f:da:2a:ee:34,7.04,3.0+OPENLOG+31954 MB+RV3028+BME68X+PMSX003-A+PMSX003-B,69,57,53,1009.59,0.00,8904,-50,1549743,1.44,2.96,4.61,1.44,2.96,4.61,12,12,436.26,126.58,28.84,3.53,2.32,2.32,1.58,2.08,3.58,1.53,2.08,3.58,9,9,540.40,149.33,12.03,2.22,1.80,1.33,60.49
2025/08/07T18:10:22z,48:3f:da:2a:ee:34,7.04,3.0+OPENLOG+31954 MB+RV3028+BME68X+PMSX003-A+PMSX003-B,69,57,53,1009.62,0.00,8904,-49,1549863,0.91,2.04,6.41,0.91,2.04,6.41,8,8,371.89,98.09,23.41,6.70,6.11,4.45,1.80,2.59,2.81,1.80,2.59,2.81,11,11,478.78,136.15,14.05,1.78,0.25,0.00,59.64
2025/08/07T18:12:22z,48:3f:da:2a:ee:34,7.04,3.0+OPENLOG+31954 MB+RV3028+BME68X+PMSX003-A+PMSX003-B,69,57,53,1009.59,0.00,9160,-52,1549983,1.22,2.43,4.62,1.22,2.43,4.62,10,10,414.36,111.17,17.84,5.59,2.79,2.07,1.88,2.11,2.82,1.88,2.11,2.82,9,9,443.26,126.79,11.67,1.19,1.02,0.60,60.32
2025/08/07T18:14:22z,48:3f:da:2a:ee:34,7.04,3.0+OPENLOG+31954 MB+RV3028+BME68X+PMSX003-A+PMSX003-B,69,56,52,1009.59,0.00,9160,-54,1550103,0.83,1.85,3.58,0.83,1.85,3.58,8,8,365.64,97.07,18.25,3.97,2.69,1.07,1.32,2.14,2.44,1.32,2.14,2.44,9,9,427.53,117.18,12.86,1.35,0.54,0.32,60.62
2025/08/07T18:16:22z,48:3f:da:2a:ee:34,7.04,3.0+OPENLOG+31954 MB+RV3028+BME68X+PMSX003-A+PMSX003-B,69,56,52,1009.57,0.00,9160,-54,1550223,0.72,1.76,3.86,0.72,1.76,3.86,7,7,365.74,100.97,15.41,4.60,3.16,1.45,1.22,1.71,2.75,1.22,1.71,2.75,7,7,436.93,120.36,12.02,2.29,1.66,0.98,60.59
2025/08/07T18:18:22z,48:3f:da:2a:ee:34,7.04,3.0+OPENLOG+31954 MB+RV3028+BME68X+PMSX003-A+PMSX003-B,70,56,53,1009.61,0.00,8904,-51,1550343,1.19,2.18,6.23,1.19,2.18,6.23,9,9,429.74,112.21,21.37,7.58,5.79,3.42,1.60,2.50,3.69,1.60,2.50,3.69,10,10,466.66,135.90,19.50,2.22,1.52,1.12,60.56
2025/08/07T18:20:22z,48:3f:da:2a:ee:34,7.04,3.0+OPENLOG+31954 MB+RV3028+BME68X+PMSX003-A+PMSX003-B,69,55,52,1009.61,0.00,8904,-52,1550463,0.41,1.10,2.40,0.41,1.10,2.40,5,5,345.88,85.03,13.50,2.90,1.81,0.93,1.05,1.42,2.44,1.05,1.42,2.44,6,6,417.20,123.20,13.54,1.53,1.12,0.88,61.83
2025/08/07T18:22:22z,48:3f:da:2a:ee:34,7.04,3.0+OPENLOG+31954 MB+RV3028+BME68X+PMSX003-A+PMSX003-B,70,56,53,1009.63,0.00,8904,-55,1550583,0.75,1.67,4.70,0.75,1.67,4.70,7,7,362.85,97.10,20.90,5.90,4.65,2.00,1.04,1.32,2.48,1.04,1.32,2.48,6,6,432.21,121.57,12.88,2.32,1.59,0.98,68.50
2025/08/07T18:24:22z,48:3f:da:2a:ee:34,7.04,3.0+OPENLOG+31954 MB+RV3028+BME68X+PMSX003-A+PMSX003-B,68,57,52,1009.70,0.00,9160,-53,1550703,0.83,2.31,3.95,0.83,2.31,3.95,10,10,352.83,93.05,17.85,5.95,2.39,1.37,1.33,1.71,2.09,1.33,1.71,2.09,7,7,406.66,112.59,8.71,1.21,0.62,0.21,70.21
2025/08/07T18:26:22z,48:3f:da:2a:ee:34,7.04,3.0+OPENLOG+31954 MB+RV3028+BME68X+PMSX003-A+PMSX003-B,68,58,52,1009.67,0.00,8904,-53,1550823,0.86,2.11,3.05,0.86,2.11,3.05,9,9,352.16,96.63,20.21,3.26,1.21,0.68,0.98,1.36,1.81,0.98,1.36,1.81,6,6,390.05,105.95,10.24,0.97,0.59,0.59,64.49
2025/08/07T18:28:22z,48:3f:da:2a:ee:34,7.04,3.0+OPENLOG+31954 MB+RV3028+BME68X+PMSX003-A+PMSX003-B,68,58,52,1009.71,0.00,9160,-52,1550943,0.98,1.71,2.24,0.98,1.71,2.24,7,7,331.14,96.26,15.26,2.12,1.14,0.00,0.92,1.62,2.20,0.92,1.62,2.20,7,7,424.20,119.78,10.73,1.50,0.73,0.47,66.13
2025/08/07T18:30:22z,48:3f:da:2a:ee:34,7.04,3.0+OPENLOG+31954 MB+RV3028+BME68X+PMSX003-A+PMSX003-B,69,57,53,1009.72,0.00,8904,-53,1551063,1.10,1.68,2.82,1.10,1.68,2.82,7,7,347.40,96.40,15.50,1.85,1.85,0.55,1.00,1.88,2.75,1.00,1.88,2.75,8,8,411.59,113.45,11.73,2.45,1.43,0.84,62.80
2025/08/07T18:32:22z,48:3f:da:2a:ee:34,7.04,3.0+OPENLOG+31954 MB+RV3028+BME68X+PMSX003-A+PMSX003-B,69,56,53,1009.79,0.00,9160,-51,1551183,0.51,1.22,1.63,0.51,1.22,1.63,5,5,273.66,72.05,11.44,1.88,1.07,0.00,1.51,2.21,2.81,1.51,2.21,2.81,9,9,410.95,119.81,15.40,2.00,0.98,0.51,61.68
2025/08/07T18:34:22z,48:3f:da:2a:ee:34,7.04,3.0+OPENLOG+31954 MB+RV3028+BME68X+PMSX003-A+PMSX003-B,69,56,53,1009.76,0.00,9160,-51,1551303,0.95,1.64,3.91,0.95,1.64,3.91,7,7,429.43,117.05,17.14,4.18,3.64,1.18,1.32,1.83,2.68,1.32,1.83,2.68,8,8,410.90,111.88,13.29,1.75,0.90,0.64,62.84
2025/08/07T18:36:22z,48:3f:da:2a:ee:34,7.04,3.0+OPENLOG+31954 MB+RV3028+BME68X+PMSX003-A+PMSX003-B,69,56,52,1009.78,0.00,8904,-53,1551423,0.46,1.04,4.21,0.46,1.04,4.21,4,4,356.68,97.21,18.63,5.84,4.68,2.53,1.19,1.64,2.09,1.19,1.64,2.09,7,7,388.60,109.84,11.41,1.59,0.78,0.19,62.85
2025/08/07T18:38:22z,48:3f:da:2a:ee:34,7.04,3.0+OPENLOG+31954 MB+RV3028+BME68X+PMSX003-A+PMSX003-B,69,56,52,1009.78,0.00,8904,-54,1551543,1.32,2.34,6.47,1.32,2.34,6.47,10,10,398.75,116.59,24.00,6.61,5.75,3.51,1.33,2.33,3.36,1.33,2.33,3.36,10,10,432.31,119.22,14.76,2.86,1.62,0.93,63.95
2025/08/07T18:40:22z,48:3f:da:2a:ee:34,7.04,3.0+OPENLOG+31954 MB+RV3028+BME68X+PMSX003-A+PMSX003-B,69,56,52,1009.80,0.00,8904,-50,1551663,0.97,1.66,3.37,0.97,1.66,3.37,7,7,381.31,106.93,16.17,3.92,1.88,1.12,1.61,2.16,2.41,1.61,2.16,2.41,9,9,409.66,120.79,10.45,1.14,0.38,0.38,64.10
2025/08/07T18:42:22z,48:3f:da:2a:ee:34,7.04,3.0+OPENLOG+31954 MB+RV3028+BME68X+PMSX003-A+PMSX003-B,68,57,52,1009.80,0.00,8904,-51,1551783,1.10,1.86,6.07,1.10,1.86,6.07,8,8,396.16,110.43,16.34,7.34,5.90,4.19,1.58,2.08,3.24,1.58,2.08,3.24,9,9,463.63,128.22,15.68,2.02,1.64,0.90,63.94
2025/08/07T18:44:22z,48:3f:da:2a:ee:34,7.04,3.0+OPENLOG+31954 MB+RV3028+BME68X+PMSX003-A+PMSX003-B,70,57,54,1009.71,0.00,8736,-52,1551904,1.26,2.48,5.52,1.26,2.48,5.52,10,10,352.24,100.81,20.90,6.36,4.34,3.21,1.47,1.92,3.41,1.47,1.92,3.41,8,8,452.19,125.15,14.68,3.12,2.17,1.39,64.55
2025/08/07T18:46:22z,48:3f:da:2a:ee:34,7.04,3.0+OPENLOG+31954 MB+RV3028+BME68X+PMSX003-A+PMSX003-B,70,56,53,1009.71,0.00,8992,-49,1552024,1.03,1.90,6.43,1.03,1.90,6.43,8,8,401.64,104.84,18.93,8.17,6.16,4.19,1.86,2.12,3.59,1.86,2.12,3.59,9,9,447.38,123.23,13.62,2.89,1.89,1.50,62.45
2025/08/07T18:48:22z,48:3f:da:2a:ee:34,7.04,3.0+OPENLOG+31954 MB+RV3028+BME68X+PMSX003-A+PMSX003-B,69,57,53,1009.70,0.00,8904,-52,1552144,1.02,1.79,4.28,1.02,1.79,4.28,7,7,389.84,108.68,16.11,5.16,3.68,1.37,1.45,2.17,3.30,1.45,2.17,3.30,9,9,417.80,122.27,14.97,2.53,1.73,0.85,62.27
2025/08/07T18:50:22z,48:3f:da:2a:ee:34,7.04,3.0+OPENLOG+31954 MB+RV3028+BME68X+PMSX003-A+PMSX003-B,69,57,53,1009.70,0.00,9160,-52,1552264,0.80,1.76,4.95,0.80,1.76,4.95,7,7,334.37,94.17,18.15,6.15,4.47,2.80,1.78,2.49,3.97,1.78,2.49,3.97,10,10,466.12,138.76,21.34,3.22,2.02,1.64,63.04
2025/08/07T18:52:22z,48:3f:da:2a:ee:34,7.04,3.0+OPENLOG+31954 MB+RV3028+BME68X+PMSX003-A+PMSX003-B,68,58,53,1009.77,0.00,9160,-46,1552384,1.07,2.08,4.85,1.07,2.08,4.85,9,9,372.45,106.65,19.95,6.55,3.50,2.25,1.80,2.07,3.30,1.80,2.07,3.30,9,9,474.43,133.45,17.57,2.46,1.62,0.77,63.85
2025/08/07T18:54:22z,48:3f:da:2a:ee:34,7.04,3.0+OPENLOG+31954 MB+RV3028+BME68X+PMSX003-A+PMSX003-B,69,58,54,1009.75,0.00,9160,-48,1552504,1.08,2.41,6.27,1.08,2.41,6.27,10,10,425.90,119.24,27.71,7.47,4.93,3.41,1.79,2.21,3.81,1.79,2.21,3.81,9,9,471.72,132.95,15.28,3.21,2.36,1.53,67.19
2025/08/07T18:56:22z,48:3f:da:2a:ee:34,7.04,3.0+OPENLOG+31954 MB+RV3028+BME68X+PMSX003-A+PMSX003-B,69,58,53,1009.74,0.00,9160,-47,1552624,1.19,1.91,3.91,1.19,1.91,3.91,8,8,354.00,98.53,17.28,4.03,2.90,1.91,1.68,1.90,2.50,1.68,1.90,2.50,8,8,459.75,134.25,10.08,1.38,1.05,0.38,71.67
2025/08/07T18:58:22z,48:3f:da:2a:ee:34,7.04,3.0+OPENLOG+31954 MB+RV3028+BME68X+PMSX003-A+PMSX003-B,69,58,53,1009.77,0.00,8904,-50,1552744,1.07,1.47,4.56,1.07,1.47,4.56,6,6,402.63,110.49,16.21,4.63,4.63,2.37,1.83,2.22,4.40,1.83,2.22,4.40,9,9,466.30,132.30,17.83,2.97,2.67,2.23,66.53
2025/08/07T19:00:22z,48:3f:da:2a:ee:34,7.04,3.0+OPENLOG+31954 MB+RV3028+BME68X+PMSX003-A+PMSX003-B,70,57,54,1009.73,0.00,9160,-51,1552864,1.20,1.87,7.95,1.20,1.87,7.95,8,8,387.15,111.75,21.00,9.00,9.00,4.85,1.91,2.80,3.64,1.91,2.80,3.64,12,12,483.65,139.51,15.44,1.82,1.15,0.91,71.06
2025/08/07T19:02:22z,48:3f:da:2a:ee:34,7.04,3.0+OPENLOG+31954 MB+RV3028+BME68X+PMSX003-A+PMSX003-B,69,57,53,1009.67,0.00,8904,-52,1552984,0.77,1.72,4.43,0.77,1.72,4.43,7,7,382.35,107.15,15.50,4.35,4.10,2.30,1.67,2.16,3.05,1.67,2.16,3.05,9,9,466.53,134.96,12.51,1.33,0.98,0.98,70.25
2025/08/07T19:04:22z,48:3f:da:2a:ee:34,7.04,3.0+OPENLOG+31954 MB+RV3028+BME68X+PMSX003-A+PMSX003-B,70,56,53,1009.61,0.00,8904,-49,1553104,1.31,2.48,7.72,1.31,2.48,7.72,10,10,382.34,113.28,18.72,10.50,7.19,6.00,1.91,2.38,3.36,1.91,2.38,3.36,10,10,509.02,144.05,15.90,2.41,0.98,0.81,66.74
2025/08/07T19:06:22z,48:3f:da:2a:ee:34,7.04,3.0+OPENLOG+31954 MB+RV3028+BME68X+PMSX003-A+PMSX003-B,70,56,53,1009.59,0.00,9160,-52,1553224,1.23,2.05,3.80,1.23,2.05,3.80,9,9,393.59,103.88,11.25,4.55,2.20,1.50,1.25,1.92,2.53,1.25,1.92,2.53,8,8,439.83,124.17,14.80,1.31,0.97,0.34,63.23
2025/08/07T19:08:22z,48:3f:da:2a:ee:34,7.04,3.0+OPENLOG+31954 MB+RV3028+BME68X+PMSX003-A+PMSX003-B,71,56,54,1009.56,0.00,8904,-48,1553344,0.75,1.42,2.46,0.75,1.42,2.46,6,6,336.81,91.47,13.93,2.69,1.42,0.71,1.96,2.25,3.07,1.96,2.25,3.07,9,9,496.53,135.95,10.54,1.74,1.19,0.96,60.42
2025/08/07T19:10:22z,48:3f:da:2a:ee:34,7.04,3.0+OPENLOG+31954 MB+RV3028+BME68X+PMSX003-A+PMSX003-B,69,55,52,1009.52,0.00,9160,-53,1553464,0.78,2.02,4.27,0.78,2.02,4.27,8,8,376.20,106.95,17.15,4.85,3.35,2.10,1.05,1.55,2.32,1.05,1.55,2.32,6,6,439.55,122.66,10.36,1.88,0.73,0.64,61.14
2025/08/07T19:12:22z,48:3f:da:2a:ee:34,7.04,3.0+OPENLOG+31954 MB+RV3028+BME68X+PMSX003-A+PMSX003-B,70,56,53,1009.52,0.00,9160,-50,1553584,1.04,1.49,2.65,1.04,1.49,2.65,6,6,323.05,85.16,13.32,3.63,1.47,0.16,1.24,1.61,2.56,1.24,1.61,2.56,7,7,434.64,120.76,10.08,1.37,1.17,0.63,60.71
2025/08/07T19:14:22z,48:3f:da:2a:ee:34,7.04,3.0+OPENLOG+31954 MB+RV3028+BME68X+PMSX003-A+PMSX003-B,70,55,53,1009.55,0.00,9160,-52,1553704,0.80,1.50,4.39,0.80,1.50,4.39,6,6,337.02,95.30,19.55,4.55,4.02,2.73,1.47,1.87,2.67,1.47,1.87,2.67,8,8,447.95,121.27,8.13,1.42,1.00,0.75,59.05
2025/08/07T19:16:22z,48:3f:da:2a:ee:34,7.04,3.0+OPENLOG+31954 MB+RV3028+BME68X+PMSX003-A+PMSX003-B,70,55,53,1009.59,0.00,8904,-48,1553824,0.79,1.71,5.91,0.79,1.71,5.91,7,7,400.34,113.95,23.17,6.83,5.38,4.81,1.12,1.98,2.75,1.12,1.98,2.75,8,8,402.15,113.78,12.08,1.75,1.14,0.75,60.07
2025/08/07T19:18:22z,48:3f:da:2a:ee:34,7.04,3.0+OPENLOG+31954 MB+RV3028+BME68X+PMSX003-A+PMSX003-B,69,55,52,1009.64,0.00,9160,-49,1553944,0.81,2.09,3.69,0.81,2.09,3.69,9,9,374.12,101.53,19.24,5.48,1.81,1.24,1.16,1.77,2.93,1.16,1.77,2.93,7,7,424.23,115.39,13.09,1.57,1.34,1.34,61.13
2025/08/07T19:20:22z,48:3f:da:2a:ee:34,7.04,3.0+OPENLOG+31954 MB+RV3028+BME68X+PMSX003-A+PMSX003-B,71,55,54,1009.60,0.00,8904,-50,1554064,0.91,2.26,4.62,0.91,2.26,4.62,9,9,383.69,106.60,18.78,6.88,3.31,2.48,1.60,1.97,2.95,1.60,1.97,2.95,8,8,429.05,125.17,13.47,1.66,1.29,0.84,63.00
2025/08/07T19:22:22z,48:3f:da:2a:ee:34,7.04,3.0+OPENLOG+31954 MB+RV3028+BME68X+PMSX003-A+PMSX003-B,71,55,54,1009.58,0.00,8904,-50,1554184,0.82,1.98,4.27,0.82,1.98,4.27,8,8,381.00,105.70,17.57,5.46,3.38,2.20,1.63,2.10,2.80,1.63,2.10,2.80,9,9,437.45,128.27,13.72,1.35,0.78,0.57,62.73
2025/08/07T19:24:22z,48:3f:da:2a:ee:34,7.04,3.0+OPENLOG+31954 MB+RV3028+BME68X+PMSX003-A+PMSX003-B,72,53,54,1009.55,0.00,8904,-51,1554304,0.74,1.47,2.56,0.74,1.47,2.56,6,6,316.74,89.68,13.26,2.37,1.68,0.79,1.24,1.66,3.61,1.24,1.66,3.61,7,7,407.44,117.39,11.68,3.36,2.83,1.42,61.41
2025/08/07T19:26:22z,48:3f:da:2a:ee:34,7.04,3.0+OPENLOG+31954 MB+RV3028+BME68X+PMSX003-A+PMSX003-B,72,52,53,1009.54,0.00,9160,-51,1554424,0.31,1.10,2.42,0.31,1.10,2.42,5,5,283.73,75.51,13.98,3.15,1.88,1.88,0.47,1.02,1.25,0.47,1.02,1.25,4,4,337.74,96.91,11.54,0.93,0.23,0.23,57.70
2025/08/07T19:28:22z,48:3f:da:2a:ee:34,7.04,3.0+OPENLOG+31954 MB+RV3028+BME68X+PMSX003-A+PMSX003-B,72,51,53,1009.57,0.00,8904,-49,1554544,0.08,0.49,2.53,0.08,0.49,2.53,2,2,289.22,75.76,10.98,3.71,3.20,1.68,0.42,0.47,1.09,0.42,0.47,1.09,2,2,319.63,87.77,5.28,0.89,0.70,0.40,56.83
2025/08/07T19:30:22z,48:3f:da:2a:ee:34,7.04,3.0+OPENLOG+31954 MB+RV3028+BME68X+PMSX003-A+PMSX003-B,72,51,53,1009.55,0.00,9160,-50,1554664,0.61,1.64,2.52,0.61,1.64,2.52,7,7,324.48,82.61,12.86,4.50,1.66,0.00,1.10,1.55,1.95,1.10,1.55,1.95,6,6,390.55,115.73,9.00,1.00,0.53,0.22,56.53
2025/08/07T19:32:22z,48:3f:da:2a:ee:34,7.04,3.0+OPENLOG+31954 MB+RV3028+BME68X+PMSX003-A+PMSX003-B,74,50,54,1009.51,0.00,8904,-50,1554784,0.37,1.44,2.68,0.37,1.44,2.68,6,6,258.63,69.00,14.58,3.47,2.05,0.58,0.47,1.00,2.20,0.47,1.00,2.20,4,4,337.00,97.92,11.23,2.38,1.68,1.13,56.45
2025/08/07T19:34:22z,48:3f:da:2a:ee:34,7.04,3.0+OPENLOG+31954 MB+RV3028+BME68X+PMSX003-A+PMSX003-B,75,50,55,1009.52,0.00,8904,-51,1554904,0.40,0.86,1.29,0.40,0.86,1.29,4,4,253.86,69.36,10.76,1.60,0.52,0.52,0.79,1.21,2.21,0.79,1.21,2.21,5,5,363.75,100.45,9.73,2.12,1.27,0.73,57.44
2025/08/07T19:36:22z,48:3f:da:2a:ee:34,7.04,3.0+OPENLOG+31954 MB+RV3028+BME68X+PMSX003-A+PMSX003-B,74,48,53,1009.53,0.00,9160,-53,1555024,0.31,0.51,1.95,0.31,0.51,1.95,2,2,250.93,67.58,9.76,2.69,1.68,1.68,0.75,1.37,1.49,0.75,1.37,1.49,6,6,338.79,98.82,7.30,0.95,0.26,0.26,54.71
2025/08/07T19:38:22z,48:3f:da:2a:ee:34,7.04,3.0+OPENLOG+31954 MB+RV3028+BME68X+PMSX003-A+PMSX003-B,75,49,54,1009.47,0.00,8904,-52,1555144,0.69,1.36,1.83,0.63,1.36,1.83,6,6,300.05,86.29,11.54,2.24,0.66,0.66,1.10,1.49,3.02,1.10,1.49,3.02,6,6,374.03,108.92,8.47,2.42,2.00,1.76,54.48
2025/08/07T19:40:22z,48:3f:da:2a:ee:34,7.04,3.0+OPENLOG+31954 MB+RV3028+BME68X+PMSX003-A+PMSX003-B,76,48,55,1009.44,0.00,8904,-51,1555264,0.67,1.09,1.93,0.67,1.09,1.93,5,5,317.05,85.79,8.79,2.89,1.11,0.00,0.80,1.42,1.95,0.80,1.42,1.95,6,6,404.39,107.85,11.86,1.24,0.83,0.29,55.29
2025/08/07T19:42:22z,48:3f:da:2a:ee:34,7.04,3.0+OPENLOG+31954 MB+RV3028+BME68X+PMSX003-A+PMSX003-B,76,48,55,1009.45,0.00,8904,-48,1555384,0.07,0.80,4.65,0.07,0.80,4.65,3,3,281.70,75.35,14.05,7.55,5.05,4.45,0.67,0.84,2.05,0.67,0.84,2.05,4,4,366.95,102.32,5.79,2.49,1.81,1.09,53.56
2025/08/07T19:44:22z,48:3f:da:2a:ee:34,7.04,3.0+OPENLOG+31954 MB+RV3028+BME68X+PMSX003-A+PMSX003-B,76,47,54,1009.43,0.00,8992,-51,1555504,0.32,1.45,5.22,0.32,1.45,5.22,6,6,316.95,81.90,18.60,8.70,5.20,4.00,1.00,1.27,2.39,1.00,1.27,2.39,5,5,392.84,108.64,9.07,1.80,1.62,1.45,56.01
2025/08/07T19:46:22z,48:3f:da:2a:ee:34,7.04,3.0+OPENLOG+31954 MB+RV3028+BME68X+PMSX003-A+PMSX003-B,76,47,54,1009.48,0.00,8992,-51,1555624,0.65,1.23,3.68,0.65,1.23,3.68,5,5,352.11,94.00,14.63,4.74,2.95,2.95,0.63,0.91,1.67,0.63,0.91,1.67,4,4,409.11,114.95,10.32,1.39,0.82,0.82,56.91
2025/08/07T19:48:22z,48:3f:da:2a:ee:34,7.04,3.0+OPENLOG+31954 MB+RV3028+BME68X+PMSX003-A+PMSX003-B,77,47,55,1009.43,0.00,8904,-50,1555744,0.34,1.16,2.34,0.34,1.16,2.34,5,5,274.81,78.98,11.43,3.52,1.97,0.72,1.11,1.68,1.89,1.11,1.68,1.89,7,7,392.04,110.73,6.43,1.09,0.21,0.21,54.73
2025/08/07T19:50:22z,48:3f:da:2a:ee:34,7.04,3.0+OPENLOG+31954 MB+RV3028+BME68X+PMSX003-A+PMSX003-B,77,47,55,1009.45,0.00,9160,-50,1555864,0.50,0.88,2.16,0.50,0.88,2.16,4,4,306.62,83.90,10.50,3.57,2.07,0.67,1.07,1.55,2.40,1.07,1.55,2.40,6,6,398.07,115.12,9.48,1.50,1.10,1.02,53.89
2025/08/07T19:52:22z,48:3f:da:2a:ee:34,7.04,3.0+OPENLOG+31954 MB+RV3028+BME68X+PMSX003-A+PMSX003-B,78,45,55,1009.48,0.00,9160,-52,1555984,0.34,0.57,4.30,0.34,0.57,4.30,2,2,335.41,95.14,14.14,5.79,5.04,2.84,1.07,1.41,2.31,1.07,1.41,2.31,6,6,408.16,112.76,9.53,1.28,1.19,0.86,54.56
2025/08/07T19:54:22z,48:3f:da:2a:ee:34,7.04,3.0+OPENLOG+31954 MB+RV3028+BME68X+PMSX003-A+PMSX003-B,76,45,53,1009.52,0.00,8904,-53,1556104,0.78,1.43,5.14,0.78,1.43,5.14,6,6,315.62,86.28,16.50,7.55,6.00,1.76,1.29,1.66,2.66,1.29,1.66,2.66,7,7,427.07,117.15,10.17,1.92,1.68,1.00,53.53
2025/08/07T19:56:22z,48:3f:da:2a:ee:34,7.04,3.0+OPENLOG+31954 MB+RV3028+BME68X+PMSX003-A+PMSX003-B,76,45,53,1009.52,0.00,9160,-53,1556224,0.88,1.50,3.23,0.88,1.50,3.23,6,6,338.40,88.25,14.95,4.55,2.05,0.55,1.68,2.09,3.00,1.68,2.09,3.00,9,9,467.42,132.49,10.74,2.09,1.35,0.91,54.63
2025/08/07T19:58:22z,48:3f:da:2a:ee:34,7.04,3.0+OPENLOG+31954 MB+RV3028+BME68X+PMSX003-A+PMSX003-B,75,46,53,1009.56,0.00,9160,-50,1556344,0.73,1.32,3.31,0.73,1.32,3.31,6,6,324.15,85.93,12.76,3.86,3.10,1.73,1.17,1.43,1.86,1.17,1.43,1.86,6,6,404.17,116.38,6.95,0.72,0.53,0.34,56.56
2025/08/07T20:00:22z,48:3f:da:2a:ee:34,7.04,3.0+OPENLOG+31954 MB+RV3028+BME68X+PMSX003-A+PMSX003-B,76,46,53,1009.54,0.00,9160,-53,1556464,0.96,1.48,1.95,0.96,1.48,1.95,6,6,331.23,89.79,10.39,0.70,0.70,0.70,1.34,1.54,2.37,1.34,1.54,2.37,6,6,395.19,114.54,8.71,1.12,1.12,0.86,56.00
2025/08/07T20:02:22z,48:3f:da:2a:ee:34,7.04,3.0+OPENLOG+31954 MB+RV3028+BME68X+PMSX003-A+PMSX003-B,75,46,52,1009.58,0.00,9160,-52,1556584,0.82,1.68,3.47,0.82,1.68,3.47,7,7,329.68,89.47,15.79,4.21,2.68,1.21,1.23,1.93,2.73,1.23,1.93,2.73,8,8,435.25,125.30,12.85,1.65,1.00,0.83,56.08
2025/08/07T20:04:22z,48:3f:da:2a:ee:34,7.04,3.0+OPENLOG+31954 MB+RV3028+BME68X+PMSX003-A+PMSX003-B,75,47,53,1009.54,0.00,9160,-51,1556704,0.66,0.97,2.69,0.66,0.97,2.69,4,4,306.31,84.00,12.00,2.69,2.69,1.12,1.54,1.86,2.61,1.54,1.86,2.61,8,8,431.89,118.62,8.18,1.39,1.04,0.73,58.58
2025/08/07T20:06:22z,48:3f:da:2a:ee:34,7.04,3.0+OPENLOG+31954 MB+RV3028+BME68X+PMSX003-A+PMSX003-B,75,46,53,1009.53,0.00,9160,-53,1556824,0.83,1.79,3.36,0.83,1.79,3.36,7,7,368.38,100.19,14.64,3.78,2.48,1.24,1.43,1.70,2.41,1.43,1.70,2.41,7,7,441.27,121.39,11.57,1.07,0.84,0.45,59.25
2025/08/07T20:08:22z,48:3f:da:2a:ee:34,7.04,3.0+OPENLOG+31954 MB+RV3028+BME68X+PMSX003-A+PMSX003-B,74,46,52,1009.54,0.00,9160,-50,1556944,1.12,1.51,1.95,1.12,1.51,1.95,6,6,360.95,98.47,10.68,1.68,0.89,0.00,1.27,2.00,2.71,1.27,2.00,2.71,8,8,433.27,121.53,11.66,1.17,1.17,1.08,62.11
2025/08/07T20:10:22z,48:3f:da:2a:ee:34,7.04,3.0+OPENLOG+31954 MB+RV3028+BME68X+PMSX003-A+PMSX003-B,76,46,53,1009.49,0.00,8904,-54,1557064,0.62,1.39,3.04,0.62,1.39,3.04,6,6,346.98,96.70,18.48,2.84,2.84,0.59,1.22,1.64,2.72,1.22,1.64,2.72,7,7,460.91,125.81,11.84,2.34,1.31,1.09,62.81
2025/08/07T20:12:22z,48:3f:da:2a:ee:34,7.04,3.0+OPENLOG+31954 MB+RV3028+BME68X+PMSX003-A+PMSX003-B,76,46,54,1009.49,0.00,9160,-53,1557184,0.61,1.47,3.32,0.61,1.47,3.32,6,6,332.21,93.53,15.37,5.53,2.58,1.84,1.16,1.32,2.04,1.16,1.32,2.04,5,5,418.84,117.72,11.23,1.05,1.05,0.56,59.39
2025/08/07T20:14:22z,48:3f:da:2a:ee:34,7.04,3.0+OPENLOG+31954 MB+RV3028+BME68X+PMSX003-A+PMSX003-B,75,46,53,1009.49,0.00,8904,-50,1557304,0.64,1.73,3.85,0.64,1.73,3.85,7,7,324.15,86.80,22.53,3.76,3.31,1.37,1.07,1.53,2.00,1.07,1.53,2.00,6,6,432.82,118.27,7.35,1.55,0.65,0.22,56.97
2025/08/07T20:16:22z,48:3f:da:2a:ee:34,7.04,3.0+OPENLOG+31954 MB+RV3028+BME68X+PMSX003-A+PMSX003-B,76,46,53,1009.46,0.00,9160,-53,1557424,0.66,1.34,2.53,0.59,1.34,2.53,6,6,313.47,76.58,11.64,3.46,1.78,0.51,1.29,1.71,2.22,1.29,1.71,2.22,7,7,395.95,116.59,11.00,1.40,0.83,0.43,56.08
2025/08/07T20:18:22z,48:3f:da:2a:ee:34,7.04,3.0+OPENLOG+31954 MB+RV3028+BME68X+PMSX003-A+PMSX003-B,76,46,53,1009.52,0.00,8904,-50,1557544,0.58,1.40,2.40,0.58,1.40,2.40,6,6,332.35,82.31,11.07,2.95,1.36,1.36,1.78,1.95,2.20,1.78,1.95,2.20,8,8,489.51,137.68,10.68,0.58,0.46,0.25,68.54
2025/08/07T20:20:22z,48:3f:da:2a:ee:34,7.04,3.0+OPENLOG+31954 MB+RV3028+BME68X+PMSX003-A+PMSX003-B,76,45,53,1009.51,0.00,9160,-51,1557664,0.40,0.98,2.21,0.40,0.98,2.21,4,4,343.86,89.64,12.98,3.16,1.91,0.78,1.40,1.81,2.12,1.40,1.81,2.12,8,8,448.00,127.93,8.98,0.86,0.42,0.42,61.85
2025/08/07T20:22:22z,48:3f:da:2a:ee:34,7.04,3.0+OPENLOG+31954 MB+RV3028+BME68X+PMSX003-A+PMSX003-B,76,45,53,1009.43,0.00,8904,-52,1557784,0.86,1.44,2.97,0.86,1.44,2.97,6,6,338.95,91.47,14.03,2.85,2.08,1.32,1.40,1.82,2.40,1.40,1.82,2.40,8,8,442.64,125.65,10.96,1.25,0.85,0.36,61.08
2025/08/07T20:24:22z,48:3f:da:2a:ee:34,7.04,3.0+OPENLOG+31954 MB+RV3028+BME68X+PMSX003-A+PMSX003-B,77,44,53,1009.37,0.00,8904,-48,1557904,1.00,1.74,2.56,1.00,1.74,2.56,7,7,375.32,95.63,14.11,2.21,1.16,0.53,1.81,2.38,3.83,1.81,2.38,3.83,10,10,477.98,138.62,13.10,2.60,1.79,1.41,59.07
2025/08/07T20:26:22z,48:3f:da:2a:ee:34,7.04,3.0+OPENLOG+31954 MB+RV3028+BME68X+PMSX003-A+PMSX003-B,77,44,53,1009.37,0.00,8904,-50,1558024,0.96,2.14,4.27,0.96,2.14,4.27,9,9,379.45,103.07,16.77,6.32,3.38,1.34,1.91,2.07,3.81,1.91,2.07,3.81,9,9,461.95,131.64,10.64,2.34,2.17,1.76,57.94
2025/08/07T20:28:22z,48:3f:da:2a:ee:34,7.04,3.0+OPENLOG+31954 MB+RV3028+BME68X+PMSX003-A+PMSX003-B,75,45,52,1009.41,0.00,8904,-51,1558144,1.07,1.88,4.17,1.07,1.88,4.17,8,8,356.43,103.09,19.14,4.40,3.31,1.97,1.59,2.10,2.76,1.59,2.10,2.76,9,9,465.81,134.19,15.08,1.54,1.05,0.63,61.30
2025/08/07T20:30:22z,48:3f:da:2a:ee:34,7.04,3.0+OPENLOG+31954 MB+RV3028+BME68X+PMSX003-A+PMSX003-B,76,45,53,1009.37,0.00,8904,-52,1558264,0.92,1.87,5.67,0.90,1.87,5.67,8,8,367.38,101.70,21.05,6.98,4.57,3.00,1.77,1.96,2.64,1.77,1.96,2.64,8,8,491.95,138.73,10.25,1.12,0.93,0.80,66.48
2025/08/07T20:32:22z,48:3f:da:2a:ee:34,7.04,3.0+OPENLOG+31954 MB+RV3028+BME68X+PMSX003-A+PMSX003-B,77,45,54,1009.35,0.00,8904,-49,1558384,0.74,1.29,3.28,0.74,1.29,3.28,5,5,363.10,105.26,14.17,3.72,2.79,1.55,1.48,1.74,2.41,1.48,1.74,2.41,7,7,495.78,140.43,10.28,1.16,0.78,0.47,68.52
2025/08/07T20:34:22z,48:3f:da:2a:ee:34,7.04,3.0+OPENLOG+31954 MB+RV3028+BME68X+PMSX003-A+PMSX003-B,77,44,53,1009.35,0.00,9160,-52,1558504,0.48,1.68,2.32,0.48,1.68,2.32,7,7,300.21,80.68,14.46,3.00,0.70,0.00,1.69,2.24,2.80,1.69,2.24,2.80,9,9,468.31,129.46,11.15,1.58,0.71,0.49,60.08
2025/08/07T20:36:22z,48:3f:da:2a:ee:34,7.04,3.0+OPENLOG+31954 MB+RV3028+BME68X+PMSX003-A+PMSX003-B,76,44,52,1009.39,0.00,8904,-50,1558624,1.00,1.71,2.97,1.00,1.71,2.97,7,7,367.91,102.21,18.21,3.00,1.55,0.78,1.71,2.14,2.88,1.71,2.14,2.88,9,9,479.80,134.83,12.37,0.86,0.83,0.83,59.30
2025/08/07T20:38:22z,48:3f:da:2a:ee:34,7.04,3.0+OPENLOG+31954 MB+RV3028+BME68X+PMSX003-A+PMSX003-B,78,44,54,1009.30,0.00,8904,-51,1558744,0.47,1.43,3.48,0.47,1.43,3.48,6,6,323.07,86.48,16.09,3.41,2.74,2.28,1.53,1.91,2.95,1.53,1.91,2.95,8,8,447.53,126.82,8.58,2.11,1.18,0.65,58.97
2025/08/07T20:40:22z,48:3f:da:2a:ee:34,7.04,3.0+OPENLOG+31954 MB+RV3028+BME68X+PMSX003-A+PMSX003-B,78,44,54,1009.33,0.00,8904,-49,1558864,0.63,1.54,5.46,0.63,1.54,5.46,6,6,385.17,103.83,17.90,7.53,5.19,3.31,1.41,1.77,2.82,1.41,1.77,2.82,7,7,482.84,135.48,11.38,2.11,1.29,0.88,66.05
2025/08/07T20:42:22z,48:3f:da:2a:ee:34,7.04,3.0+OPENLOG+31954 MB+RV3028+BME68X+PMSX003-A+PMSX003-B,77,43,53,1009.31,0.00,9160,-50,1558984,0.96,2.23,3.55,0.96,2.23,3.55,9,9,369.64,94.07,16.98,4.93,1.66,1.66,1.60,1.77,2.83,1.60,1.77,2.83,7,7,471.35,132.53,13.48,1.20,1.18,1.00,64.29
2025/08/07T20:44:23z,48:3f:da:2a:ee:34,7.04,3.0+OPENLOG+31954 MB+RV3028+BME68X+PMSX003-A+PMSX003-B,77,44,53,1009.33,0.00,8992,-51,1559104,0.86,1.62,4.04,0.86,1.62,4.04,7,7,335.89,88.77,14.46,5.57,3.38,2.73,1.03,1.29,2.03,1.03,1.29,2.03,5,5,442.81,123.71,7.98,1.76,1.14,0.36,61.45
2025/08/07T20:46:23z,48:3f:da:2a:ee:34,7.04,3.0+OPENLOG+31954 MB+RV3028+BME68X+PMSX003-A+PMSX003-B,77,44,54,1009.34,0.00,8992,-50,1559224,0.93,1.65,3.49,0.93,1.65,3.49,7,7,351.63,97.26,17.11,4.47,2.58,1.37,1.79,2.00,2.67,1.79,2.00,2.67,8,8,454.45,129.48,7.31,1.02,0.86,0.86,62.25
2025/08/07T20:48:23z,48:3f:da:2a:ee:34,7.04,3.0+OPENLOG+31954 MB+RV3028+BME68X+PMSX003-A+PMSX003-B,78,45,55,1009.36,0.00,8904,-49,1559344,0.64,1.38,3.04,0.64,1.38,3.04,6,6,341.68,81.80,11.84,4.93,2.04,1.45,1.98,2.58,3.17,1.98,2.58,3.17,11,11,521.75,150.40,11.27,2.07,0.75,0.53,59.97
2025/08/07T20:50:23z,48:3f:da:2a:ee:34,7.04,3.0+OPENLOG+31954 MB+RV3028+BME68X+PMSX003-A+PMSX003-B,77,44,53,1009.36,0.00,8904,-50,1559464,1.00,1.95,3.43,1.00,1.95,3.43,8,8,380.33,104.43,15.93,2.48,1.71,1.71,1.56,2.09,2.95,1.56,2.09,2.95,9,9,478.89,131.33,8.81,1.93,1.00,0.75,58.00
2025/08/07T20:52:23z,48:3f:da:2a:ee:34,7.04,3.0+OPENLOG+31954 MB+RV3028+BME68X+PMSX003-A+PMSX003-B,76,44,52,1009.38,0.00,8904,-49,1559584,0.93,1.68,3.02,0.93,1.68,3.02,7,7,324.60,89.30,12.90,3.20,1.80,1.05,1.70,2.12,2.81,1.70,2.12,2.81,9,9,470.47,131.49,8.96,1.98,0.56,0.54,58.67
2025/08/07T20:54:23z,48:3f:da:2a:ee:34,7.04,3.0+OPENLOG+31954 MB+RV3028+BME68X+PMSX003-A+PMSX003-B,76,44,52,1009.36,0.00,9160,-49,1559704,0.86,1.54,4.31,0.86,1.54,4.31,6,6,381.20,103.27,17.19,4.02,3.81,2.39,1.91,2.17,3.31,1.91,2.17,3.31,9,9,480.16,137.12,10.03,2.19,1.38,1.02,59.37
2025/08/07T20:56:23z,48:3f:da:2a:ee:34,7.04,3.0+OPENLOG+31954 MB+RV3028+BME68X+PMSX003-A+PMSX003-B,76,44,52,1009.39,0.00,9160,-49,1559824,1.07,1.39,2.79,1.07,1.39,2.79,6,6,348.32,95.47,10.89,2.26,1.89,1.79,1.33,1.69,1.98,1.33,1.69,1.98,7,7,465.41,132.26,9.41,0.81,0.36,0.36,59.95
2025/08/07T20:58:23z,48:3f:da:2a:ee:34,7.04,3.0+OPENLOG+31954 MB+RV3028+BME68X+PMSX003-A+PMSX003-B,76,44,52,1009.36,0.00,9160,-49,1559944,1.65,2.23,3.61,1.65,2.23,3.61,9,9,436.26,121.42,15.58,2.47,1.74,1.32,2.12,2.45,3.12,2.12,2.45,3.12,10,10,500.17,142.50,12.45,1.03,0.79,0.62,60.42
2025/08/07T21:00:23z,48:3f:da:2a:ee:34,7.04,3.0+OPENLOG+31954 MB+RV3028+BME68X+PMSX003-A+PMSX003-B,78,44,54,1009.31,0.00,9160,-52,1560064,0.71,1.73,4.56,0.71,1.73,4.56,7,7,370.68,97.47,16.32,6.97,3.97,2.75,2.05,2.57,2.97,2.05,2.57,2.97,11,11,507.98,138.02,16.24,1.45,0.60,0.29,59.86
2025/08/07T21:02:23z,48:3f:da:2a:ee:34,7.04,3.0+OPENLOG+31954 MB+RV3028+BME68X+PMSX003-A+PMSX003-B,77,44,53,1009.36,0.00,8904,-51,1560184,1.41,2.16,4.03,1.41,2.16,4.03,9,9,401.90,111.00,17.79,4.03,2.59,1.14,1.61,2.14,3.49,1.61,2.14,3.49,9,9,529.05,147.81,14.54,2.63,1.68,1.33,58.16
2025/08/07T21:04:23z,48:3f:da:2a:ee:34,7.04,3.0+OPENLOG+31954 MB+RV3028+BME68X+PMSX003-A+PMSX003-B,76,44,52,1009.38,0.00,8904,-52,1560304,1.09,1.38,1.86,1.09,1.38,1.86,6,6,347.79,92.84,10.45,1.07,0.96,0.00,1.97,2.22,3.36,1.97,2.22,3.36,9,9,527.95,149.14,9.28,1.53,1.34,1.16,59.99
2025/08/07T21:06:23z,48:3f:da:2a:ee:34,7.04,3.0+OPENLOG+31954 MB+RV3028+BME68X+PMSX003-A+PMSX003-B,75,45,52,1009.42,0.00,8904,-51,1560424,1.12,2.38,4.21,1.12,2.38,4.21,10,10,424.12,118.45,22.61,4.34,2.95,0.70,2.10,2.79,4.86,2.10,2.79,4.86,12,12,555.31,157.64,16.69,3.16,2.47,2.26,62.28
2025/08/07T21:08:23z,48:3f:da:2a:ee:34,7.04,3.0+OPENLOG+31954 MB+RV3028+BME68X+PMSX003-A+PMSX003-B,77,45,54,1009.36,0.00,8904,-53,1560544,0.75,1.78,3.66,0.75,1.78,3.66,7,7,392.34,104.75,17.03,5.19,2.59,1.22,2.02,2.71,4.05,2.02,2.71,4.05,11,11,546.59,153.88,13.80,2.48,2.09,1.12,60.62
2025/08/07T21:10:23z,48:3f:da:2a:ee:34,7.04,3.0+OPENLOG+31954 MB+RV3028+BME68X+PMSX003-A+PMSX003-B,78,44,54,1009.33,0.00,8904,-50,1560664,0.67,1.64,3.86,0.67,1.64,3.86,7,7,417.10,118.66,17.38,4.34,3.00,2.28,1.77,2.25,3.09,1.77,2.25,3.09,9,9,540.21,149.30,10.27,1.75,1.36,0.75,58.34
2025/08/07T21:12:23z,48:3f:da:2a:ee:34,7.04,3.0+OPENLOG+31954 MB+RV3028+BME68X+PMSX003-A+PMSX003-B,78,43,54,1009.31,0.00,8904,-50,1560784,0.72,1.71,4.69,0.72,1.71,4.69,7,7,429.78,118.09,22.29,5.12,4.55,1.34,2.05,2.59,3.10,2.05,2.59,3.10,11,11,576.25,160.29,13.20,1.05,0.81,0.75,56.25
2025/08/07T21:14:23z,48:3f:da:2a:ee:34,7.04,3.0+OPENLOG+31954 MB+RV3028+BME68X+PMSX003-A+PMSX003-B,79,43,54,1009.30,0.00,8904,-51,1560904,0.91,2.02,2.77,0.91,2.02,2.77,8,8,440.68,123.95,12.42,2.89,1.42,0.00,2.15,2.90,3.85,2.15,2.90,3.85,12,12,554.95,156.37,13.61,2.42,1.17,1.00,57.71
2025/08/07T21:16:23z,48:3f:da:2a:ee:34,7.04,3.0+OPENLOG+31954 MB+RV3028+BME68X+PMSX003-A+PMSX003-B,80,42,55,1009.20,0.00,8904,-53,1561024,1.03,1.40,2.43,1.03,1.40,2.43,6,6,354.15,95.20,11.50,1.80,1.80,0.70,1.90,2.53,3.53,1.90,2.53,3.53,11,11,562.86,159.31,13.24,1.84,1.52,1.19,59.95
2025/08/07T21:18:23z,48:3f:da:2a:ee:34,7.04,3.0+OPENLOG+31954 MB+RV3028+BME68X+PMSX003-A+PMSX003-B,84,40,57,1009.12,0.00,8904,-51,1561144,0.75,1.81,3.15,0.75,1.81,3.15,8,8,417.05,118.17,18.71,3.36,2.14,0.76,1.84,2.39,2.95,1.84,2.39,2.95,10,10,563.30,156.14,14.14,0.93,0.75,0.70,55.28
2025/08/07T21:20:23z,48:3f:da:2a:ee:34,7.04,3.0+OPENLOG+31954 MB+RV3028+BME68X+PMSX003-A+PMSX003-B,83,38,55,1009.10,0.00,9160,-51,1561264,0.81,2.04,5.77,0.81,2.04,5.77,8,8,405.89,115.53,23.26,7.53,5.26,3.47,2.24,2.79,3.53,2.24,2.79,3.53,12,12,660.41,183.24,11.93,2.19,0.91,0.69,56.93
2025/08/07T21:22:23z,48:3f:da:2a:ee:34,7.04,3.0+OPENLOG+31954 MB+RV3028+BME68X+PMSX003-A+PMSX003-B,82,39,54,1009.13,0.00,8904,-51,1561384,1.19,2.35,4.00,1.19,2.35,4.00,10,10,429.79,122.68,18.00,4.53,2.84,0.74,2.31,3.02,4.10,2.31,3.02,4.10,13,13,614.03,181.15,12.98,2.71,1.39,0.68,72.39
2025/08/07T21:24:23z,48:3f:da:2a:ee:34,7.04,3.0+OPENLOG+31954 MB+RV3028+BME68X+PMSX003-A+PMSX003-B,82,38,54,1009.12,0.00,8904,-51,1561504,1.61,2.16,5.72,1.61,2.16,5.72,9,9,457.74,133.53,18.26,5.42,5.42,2.84,2.49,3.35,4.19,2.49,3.35,4.19,14,14,579.79,174.46,16.60,1.88,1.02,0.82,70.24
2025/08/07T21:26:23z,48:3f:da:2a:ee:34,7.04,3.0+OPENLOG+31954 MB+RV3028+BME68X+PMSX003-A+PMSX003-B,81,38,53,1009.09,0.00,9160,-50,1561624,1.00,2.13,4.10,1.00,2.13,4.10,9,9,366.45,103.45,21.05,4.70,3.10,0.90,2.21,3.09,4.46,2.21,3.09,4.46,13,13,592.84,165.09,17.56,2.39,1.72,1.61,59.27
2025/08/07T21:28:23z,48:3f:da:2a:ee:34,7.04,3.0+OPENLOG+31954 MB+RV3028+BME68X+PMSX003-A+PMSX003-B,80,40,53,1009.11,0.00,8904,-52,1561744,0.59,1.56,1.98,0.59,1.56,1.98,6,6,361.37,97.78,14.14,1.63,0.81,0.00,1.88,2.16,2.70,1.88,2.16,2.70,9,9,535.53,151.40,9.81,0.84,0.61,0.25,58.44
2025/08/07T21:30:23z,48:3f:da:2a:ee:34,7.04,3.0+OPENLOG+31954 MB+RV3028+BME68X+PMSX003-A+PMSX003-B,79,41,53,1009.14,0.00,9160,-52,1561864,0.96,1.58,4.27,0.96,1.58,4.27,7,7,389.62,108.05,12.55,4.91,4.09,1.47,1.91,2.10,2.86,1.91,2.10,2.86,9,9,545.69,152.24,9.76,1.33,0.90,0.72,73.14
2025/08/07T21:32:23z,48:3f:da:2a:ee:34,7.04,3.0+OPENLOG+31954 MB+RV3028+BME68X+PMSX003-A+PMSX003-B,79,41,53,1009.15,0.00,9160,-50,1561984,1.29,2.05,5.05,1.29,2.05,5.05,9,9,402.47,114.10,14.64,6.41,4.14,2.90,2.08,2.64,3.20,2.08,2.64,3.20,11,11,546.81,150.36,12.44,1.10,0.81,0.47,66.24
2025/08/07T21:34:23z,48:3f:da:2a:ee:34,7.04,3.0+OPENLOG+31954 MB+RV3028+BME68X+PMSX003-A+PMSX003-B,80,39,53,1009.08,0.00,8904,-50,1562104,1.66,2.51,4.27,1.66,2.51,4.27,10,10,494.08,130.27,15.31,4.58,3.10,0.20,2.68,3.23,4.09,2.68,3.23,4.09,13,13,629.79,175.21,11.02,1.70,1.11,0.74,62.89
2025/08/07T21:36:23z,48:3f:da:2a:ee:34,7.04,3.0+OPENLOG+31954 MB+RV3028+BME68X+PMSX003-A+PMSX003-B,79,40,52,1009.11,0.00,9160,-51,1562224,0.92,1.75,2.67,0.92,1.75,2.67,7,7,386.10,105.20,15.60,3.40,1.25,0.70,1.82,2.33,3.47,1.82,2.33,3.47,10,10,545.37,152.04,11.35,1.82,1.60,1.42,59.67
2025/08/07T21:38:23z,48:3f:da:2a:ee:34,7.04,3.0+OPENLOG+31954 MB+RV3028+BME68X+PMSX003-A+PMSX003-B,78,41,52,1009.13,0.00,8904,-52,1562344,0.89,2.18,3.20,0.89,2.18,3.20,9,9,400.98,113.57,15.32,3.86,1.29,1.29,2.10,2.61,3.39,2.10,2.61,3.39,11,11,537.61,154.54,11.41,1.71,0.92,0.64,58.21
2025/08/07T21:40:23z,48:3f:da:2a:ee:34,7.04,3.0+OPENLOG+31954 MB+RV3028+BME68X+PMSX003-A+PMSX003-B,78,42,53,1009.18,0.00,8904,-49,1562464,1.09,1.96,6.81,1.09,1.96,6.81,8,8,436.16,122.07,21.68,8.11,7.53,3.58,1.66,2.03,3.03,1.66,2.03,3.03,8,8,523.19,148.67,12.64,1.40,1.21,0.71,66.50
2025/08/07T21:42:23z,48:3f:da:2a:ee:34,7.04,3.0+OPENLOG+31954 MB+RV3028+BME68X+PMSX003-A+PMSX003-B,78,41,52,1009.15,0.00,8904,-51,1562584,1.03,2.36,5.47,1.03,2.36,5.47,10,10,415.53,113.08,23.80,7.22,5.19,1.17,2.50,2.89,4.11,2.50,2.89,4.11,12,12,617.30,176.80,13.98,3.21,1.27,1.02,77.77
2025/08/07T21:44:23z,48:3f:da:2a:ee:34,7.04,3.0+OPENLOG+31954 MB+RV3028+BME68X+PMSX003-A+PMSX003-B,78,42,53,1009.15,0.00,8736,-50,1562705,1.08,2.45,4.02,1.08,2.45,4.02,10,10,450.00,124.80,18.30,5.70,2.00,0.20,2.27,2.82,3.66,2.27,2.82,3.66,12,12,595.29,171.62,14.80,2.14,1.16,0.79,61.74
2025/08/07T21:46:23z,48:3f:da:2a:ee:34,7.04,3.0+OPENLOG+31954 MB+RV3028+BME68X+PMSX003-A+PMSX003-B,80,41,54,1009.06,0.00,8736,-49,1562825,1.45,2.14,3.81,1.45,2.14,3.81,9,9,437.59,119.90,14.12,3.26,1.81,1.81,2.17,2.74,4.00,2.17,2.74,4.00,11,11,548.59,153.33,13.97,1.47,1.47,1.28,63.38
2025/08/07T21:48:23z,48:3f:da:2a:ee:34,7.04,3.0+OPENLOG+31954 MB+RV3028+BME68X+PMSX003-A+PMSX003-B,79,40,53,1009.11,0.00,8904,-49,1562945,1.46,2.34,3.66,1.46,2.34,3.66,10,10,454.88,130.68,16.53,3.76,1.63,0.97,2.40,2.91,3.36,2.40,2.91,3.36,12,12,578.07,159.45,12.07,1.17,0.48,0.29,59.54
2025/08/07T21:50:23z,48:3f:da:2a:ee:34,7.04,3.0+OPENLOG+31954 MB+RV3028+BME68X+PMSX003-A+PMSX003-B,79,41,53,1009.14,0.00,8904,-49,1563065,1.54,2.98,5.35,1.54,2.98,5.35,12,12,453.47,130.79,23.16,5.58,3.11,2.42,2.24,2.59,2.66,2.24,2.59,2.66,11,11,601.07,169.22,11.68,0.71,0.22,0.00,58.22
2025/08/07T21:52:23z,48:3f:da:2a:ee:34,7.04,3.0+OPENLOG+31954 MB+RV3028+BME68X+PMSX003-A+PMSX003-B,82,39,54,1009.03,0.00,9160,-52,1563185,1.21,1.95,3.04,1.21,1.95,3.04,8,8,458.68,127.82,19.18,1.82,1.77,0.59,2.22,2.83,3.86,2.22,2.83,3.86,12,12,604.07,172.69,14.34,2.22,1.27,1.12,58.32
2025/08/07T21:54:23z,48:3f:da:2a:ee:34,7.04,3.0+OPENLOG+31954 MB+RV3028+BME68X+PMSX003-A+PMSX003-B,85,37,55,1008.94,0.00,8904,-52,1563305,1.27,2.34,3.22,1.27,2.34,3.22,10,10,456.81,130.37,17.90,3.76,1.12,0.61,1.67,2.35,3.18,1.67,2.35,3.18,10,10,566.79,164.98,14.00,1.54,1.02,0.84,52.43
2025/08/07T21:56:23z,48:3f:da:2a:ee:34,7.04,3.0+OPENLOG+31954 MB+RV3028+BME68X+PMSX003-A+PMSX003-B,84,36,54,1008.95,0.00,8904,-51,1563425,0.81,1.81,3.39,0.81,1.81,3.39,8,8,460.88,118.98,15.51,3.36,2.03,1.53,1.65,2.39,3.46,1.65,2.39,3.46,10,10,581.00,159.84,13.39,2.63,1.54,1.09,53.48
2025/08/07T21:58:23z,48:3f:da:2a:ee:34,7.04,3.0+OPENLOG+31954 MB+RV3028+BME68X+PMSX003-A+PMSX003-B,84,35,53,1008.97,0.00,8904,-49,1563545,1.28,2.26,3.34,1.28,2.26,3.34,9,9,464.90,123.57,20.84,2.07,1.24,1.24,2.40,2.82,3.68,2.40,2.82,3.68,12,12,586.16,168.33,13.68,2.33,1.05,0.81,54.86
2025/08/07T22:00:23z,48:3f:da:2a:ee:34,7.04,3.0+OPENLOG+31954 MB+RV3028+BME68X+PMSX003-A+PMSX003-B,84,35,53,1008.94,0.00,9160,-52,1563665,0.62,1.66,4.07,0.62,1.66,4.07,7,7,425.22,121.72,18.67,5.69,3.83,1.24,2.12,2.93,4.47,2.12,2.93,4.47,12,12,591.76,164.83,17.80,2.49,2.02,1.71,56.16
2025/08/07T22:02:23z,48:3f:da:2a:ee:34,7.04,3.0+OPENLOG+31954 MB+RV3028+BME68X+PMSX003-A+PMSX003-B,87,34,55,1008.92,0.00,9160,-50,1563785,1.19,2.30,3.74,1.19,2.30,3.74,10,10,441.84,115.16,15.74,3.16,1.84,1.84,1.75,2.36,4.81,1.75,2.36,4.81,10,10,511.78,147.90,13.73,3.98,3.24,2.69,63.71
2025/08/07T22:04:23z,48:3f:da:2a:ee:34,7.04,3.0+OPENLOG+31954 MB+RV3028+BME68X+PMSX003-A+PMSX003-B,89,32,56,1008.85,0.00,8904,-48,1563905,0.87,1.50,3.58,0.87,1.50,3.58,6,6,397.65,111.35,15.10,3.55,2.90,1.90,1.96,2.57,3.07,1.96,2.57,3.07,11,11,558.64,160.04,14.73,1.21,0.75,0.43,63.31
2025/08/07T22:06:23z,48:3f:da:2a:ee:34,7.04,3.0+OPENLOG+31954 MB+RV3028+BME68X+PMSX003-A+PMSX003-B,90,31,55,1008.85,0.00,8904,-50,1564025,0.76,1.05,2.80,0.76,1.05,2.80,4,4,383.19,103.63,13.42,2.29,2.29,2.29,2.12,2.33,3.68,2.12,2.33,3.68,10,10,583.05,165.56,13.04,2.21,1.77,1.40,53.53
2025/08/07T22:08:23z,48:3f:da:2a:ee:34,7.04,3.0+OPENLOG+31954 MB+RV3028+BME68X+PMSX003-A+PMSX003-B,89,31,54,1008.84,0.00,8904,-55,1564145,0.81,1.53,2.67,0.81,1.53,2.67,6,6,413.84,112.00,13.32,3.63,1.42,0.74,2.12,2.86,3.31,2.12,2.86,3.31,12,12,561.62,158.76,15.29,1.12,0.52,0.52,51.49
2025/08/07T22:10:23z,48:3f:da:2a:ee:34,7.04,3.0+OPENLOG+31954 MB+RV3028+BME68X+PMSX003-A+PMSX003-B,91,30,55,1008.78,0.00,9160,-49,1564265,1.02,1.79,5.18,1.02,1.79,5.18,7,7,431.53,122.58,17.58,5.58,4.00,2.74,2.17,2.80,3.12,2.17,2.80,3.12,12,12,606.00,173.05,10.67,1.12,0.50,0.32,53.00
2025/08/07T22:12:23z,48:3f:da:2a:ee:34,7.04,3.0+OPENLOG+31954 MB+RV3028+BME68X+PMSX003-A+PMSX003-B,90,30,54,1008.83,0.00,8904,-52,1564385,1.27,2.73,3.82,1.27,2.73,3.82,11,11,405.00,114.55,20.00,5.00,1.50,0.85,2.19,2.74,3.05,2.19,2.74,3.05,11,11,599.11,166.88,11.65,0.77,0.39,0.14,86.24
2025/08/07T22:14:23z,48:3f:da:2a:ee:34,7.04,3.0+OPENLOG+31954 MB+RV3028+BME68X+PMSX003-A+PMSX003-B,93,29,56,1008.75,0.00,9160,-50,1564505,1.14,1.76,2.59,1.14,1.76,2.59,7,7,415.68,112.93,17.39,1.02,1.02,1.02,1.69,2.04,2.62,1.69,2.04,2.62,8,8,523.69,148.76,9.82,0.95,0.47,0.47,57.39
2025/08/07T22:16:23z,48:3f:da:2a:ee:34,7.04,3.0+OPENLOG+31954 MB+RV3028+BME68X+PMSX003-A+PMSX003-B,92,28,54,1008.76,0.00,9160,-51,1564625,1.14,1.58,2.74,1.14,1.58,2.74,7,7,377.05,107.21,13.00,2.95,1.42,1.26,2.28,2.45,2.83,2.28,2.45,2.83,10,10,568.91,160.12,11.79,0.69,0.41,0.22,58.46
2025/08/07T22:18:23z,48:3f:da:2a:ee:34,7.04,3.0+OPENLOG+31954 MB+RV3028+BME68X+PMSX003-A+PMSX003-B,92,28,54,1008.73,0.00,9160,-47,1564745,1.29,2.25,2.66,1.29,2.25,2.66,9,9,486.32,131.39,16.82,1.77,0.64,0.00,1.83,2.22,2.61,1.83,2.22,2.61,9,9,533.95,149.25,9.95,1.29,0.51,0.51,53.81
2025/08/07T22:20:23z,48:3f:da:2a:ee:34,7.04,3.0+OPENLOG+31954 MB+RV3028+BME68X+PMSX003-A+PMSX003-B,93,28,55,1008.71,0.00,8904,-49,1564865,1.42,2.34,3.02,1.42,2.34,3.02,10,10,489.76,130.47,18.61,1.12,1.12,0.46,2.67,3.04,4.42,2.67,3.04,4.42,13,13,628.26,173.07,14.32,1.96,1.88,1.44,56.99
2025/08/07T22:22:23z,48:3f:da:2a:ee:34,7.04,3.0+OPENLOG+31954 MB+RV3028+BME68X+PMSX003-A+PMSX003-B,93,28,55,1008.70,0.00,8904,-50,1564985,1.05,2.10,3.19,1.05,2.10,3.19,9,9,443.29,124.88,16.53,2.64,1.42,0.71,2.34,2.91,3.72,2.34,2.91,3.72,12,12,657.16,182.88,16.41,1.60,0.91,0.74,56.54
2025/08/07T22:24:23z,48:3f:da:2a:ee:34,7.04,3.0+OPENLOG+31954 MB+RV3028+BME68X+PMSX003-A+PMSX003-B,94,27,55,1008.65,0.00,8904,-52,1565105,1.19,2.40,3.98,1.19,2.40,3.98,10,10,448.42,125.00,16.47,3.95,2.16,2.16,1.45,1.91,2.34,1.45,1.91,2.34,8,8,571.60,158.69,12.45,1.29,0.41,0.00,54.59
2025/08/07T22:26:23z,48:3f:da:2a:ee:34,7.04,3.0+OPENLOG+31954 MB+RV3028+BME68X+PMSX003-A+PMSX003-B,93,28,55,1008.63,0.00,8904,-49,1565225,1.05,1.61,4.61,1.05,1.61,4.61,7,7,438.59,118.77,15.48,4.39,4.12,2.79,1.34,1.60,2.67,1.34,1.60,2.67,7,7,566.74,154.86,10.55,1.22,1.22,0.98,52.61
2025/08/07T22:28:23z,48:3f:da:2a:ee:34,7.04,3.0+OPENLOG+31954 MB+RV3028+BME68X+PMSX003-A+PMSX003-B,90,28,53,1008.68,0.00,8904,-51,1565345,1.43,2.46,4.09,1.43,2.46,4.09,10,10,439.07,118.34,21.27,5.95,1.71,0.70,1.57,2.16,2.64,1.57,2.16,2.64,9,9,552.31,154.52,12.33,0.97,0.78,0.62,56.58
2025/08/07T22:30:23z,48:3f:da:2a:ee:34,7.04,3.0+OPENLOG+31954 MB+RV3028+BME68X+PMSX003-A+PMSX003-B,88,29,52,1008.72,0.00,8904,-51,1565465,1.05,1.92,4.87,1.05,1.92,4.87,8,8,425.70,117.25,21.55,4.95,4.25,2.80,1.52,1.86,2.82,1.52,1.86,2.82,8,8,578.89,162.70,11.80,2.30,1.11,1.05,60.61
2025/08/07T22:32:23z,48:3f:da:2a:ee:34,7.04,3.0+OPENLOG+31954 MB+RV3028+BME68X+PMSX003-A+PMSX003-B,92,29,55,1008.62,0.00,8904,-52,1565585,1.20,2.05,3.12,1.20,2.05,3.12,9,9,429.56,120.05,17.44,1.88,1.88,0.61,1.60,2.19,2.98,1.60,2.19,2.98,9,9,648.16,177.86,16.16,1.97,1.09,1.09,60.44
2025/08/07T22:34:23z,48:3f:da:2a:ee:34,7.04,3.0+OPENLOG+31954 MB+RV3028+BME68X+PMSX003-A+PMSX003-B,92,29,55,1008.61,0.00,8904,-51,1565705,1.44,2.62,4.44,1.44,2.62,4.44,11,11,480.76,133.25,19.91,4.53,2.62,1.47,1.75,2.08,2.65,1.75,2.08,2.65,9,9,610.40,169.30,13.72,1.42,0.88,0.25,59.80
2025/08/07T22:36:23z,48:3f:da:2a:ee:34,7.04,3.0+OPENLOG+31954 MB+RV3028+BME68X+PMSX003-A+PMSX003-B,92,29,55,1008.59,0.00,8904,-48,1565825,1.22,2.33,3.74,1.22,2.33,3.74,10,10,457.14,130.91,19.24,2.02,1.97,1.34,1.27,1.63,3.22,1.27,1.63,3.22,7,7,591.81,157.15,12.56,2.46,2.20,1.68,57.86
2025/08/07T22:38:23z,48:3f:da:2a:ee:34,7.04,3.0+OPENLOG+31954 MB+RV3028+BME68X+PMSX003-A+PMSX003-B,94,28,55,1008.58,0.00,8904,-49,1565945,1.56,2.31,3.36,1.56,2.31,3.36,10,10,447.41,130.37,15.15,2.03,1.47,0.61,1.65,2.11,2.82,1.65,2.11,2.82,9,9,629.58,171.89,12.89,1.93,0.74,0.74,59.19
2025/08/07T22:40:23z,48:3f:da:2a:ee:34,7.04,3.0+OPENLOG+31954 MB+RV3028+BME68X+PMSX003-A+PMSX003-B,94,27,55,1008.56,0.00,8904,-52,1566065,1.07,1.93,3.79,1.07,1.93,3.79,8,8,422.17,115.66,16.76,5.48,3.26,0.21,1.71,2.20,3.11,1.71,2.20,3.11,9,9,627.86,171.71,16.32,2.27,1.07,0.88,57.07
2025/08/07T22:42:23z,48:3f:da:2a:ee:34,7.04,3.0+OPENLOG+31954 MB+RV3028+BME68X+PMSX003-A+PMSX003-B,93,27,54,1008.59,0.00,8904,-50,1566185,1.59,2.04,5.57,1.59,2.04,5.57,8,8,466.02,131.95,16.50,6.05,3.96,3.43,1.71,2.54,3.44,1.71,2.54,3.44,11,11,661.58,188.14,17.93,1.44,1.27,1.02,55.10
2025/08/07T22:44:24z,48:3f:da:2a:ee:34,7.04,3.0+OPENLOG+31954 MB+RV3028+BME68X+PMSX003-A+PMSX003-B,91,27,52,1008.63,0.00,8992,-49,1566306,1.47,2.46,4.25,1.47,2.46,4.25,10,10,458.05,128.21,15.42,5.58,2.26,1.63,1.97,2.18,2.87,1.97,2.18,2.87,9,9,646.90,184.93,11.95,1.08,0.83,0.83,56.38
2025/08/07T22:46:24z,48:3f:da:2a:ee:34,7.04,3.0+OPENLOG+31954 MB+RV3028+BME68X+PMSX003-A+PMSX003-B,91,28,54,1008.61,0.00,8736,-50,1566426,1.47,2.37,4.67,1.47,2.37,4.67,10,10,448.74,126.63,15.26,5.26,3.89,1.32,1.77,2.07,2.91,1.77,2.07,2.91,9,9,640.00,177.60,8.65,1.21,1.21,1.05,61.08
2025/08/07T22:48:24z,48:3f:da:2a:ee:34,7.04,3.0+OPENLOG+31954 MB+RV3028+BME68X+PMSX003-A+PMSX003-B,90,29,54,1008.67,0.00,8904,-48,1566546,1.82,2.23,5.33,1.82,2.23,5.33,9,9,478.89,134.32,14.58,4.63,4.53,2.89,2.00,2.12,2.64,2.00,2.12,2.64,9,9,628.47,174.63,12.93,0.66,0.66,0.58,69.34
2025/08/07T22:50:24z,48:3f:da:2a:ee:34,7.04,3.0+OPENLOG+31954 MB+RV3028+BME68X+PMSX003-A+PMSX003-B,88,30,53,1008.70,0.00,9160,-53,1566666,1.24,2.09,3.47,1.24,2.09,3.47,9,9,412.91,112.97,14.17,3.16,2.22,0.52,2.21,2.75,3.35,2.21,2.75,3.35,11,11,606.11,171.30,15.44,0.81,0.81,0.60,67.29
2025/08/07T22:52:24z,48:3f:da:2a:ee:34,7.04,3.0+OPENLOG+31954 MB+RV3028+BME68X+PMSX003-A+PMSX003-B,91,29,55,1008.62,0.00,9160,-48,1566786,1.34,2.54,6.19,1.34,2.54,6.19,11,11,481.73,126.10,19.17,7.07,5.54,2.64,2.32,2.80,3.82,2.32,2.80,3.82,12,12,630.80,174.50,13.38,2.39,1.64,0.68,59.50
2025/08/07T22:54:24z,48:3f:da:2a:ee:34,7.04,3.0+OPENLOG+31954 MB+RV3028+BME68X+PMSX003-A+PMSX003-B,92,29,55,1008.59,0.00,9160,-52,1566906,1.19,2.27,5.31,1.19,2.27,5.31,9,9,443.54,119.14,19.32,6.36,3.97,2.59,2.64,3.41,4.47,2.64,3.41,4.47,14,14,636.62,181.02,21.03,2.50,1.78,1.10,56.83
2025/08/07T22:56:24z,48:3f:da:2a:ee:34,7.04,3.0+OPENLOG+31954 MB+RV3028+BME68X+PMSX003-A+PMSX003-B,90,29,54,1008.66,0.00,8904,-51,1567026,1.23,2.46,4.62,1.23,2.46,4.62,10,10,398.73,114.70,17.04,5.62,3.05,2.30,2.66,3.51,4.76,2.66,3.51,4.76,15,15,641.29,181.08,19.02,2.88,1.41,1.41,61.52
2025/08/07T22:58:24z,48:3f:da:2a:ee:34,7.04,3.0+OPENLOG+31954 MB+RV3028+BME68X+PMSX003-A+PMSX003-B,92,29,55,1008.58,0.00,8904,-52,1567146,1.56,3.05,6.69,1.56,3.05,6.69,13,13,472.58,128.54,24.66,8.95,5.69,2.90,2.95,3.33,3.93,2.95,3.33,3.93,14,14,687.42,193.35,13.67,1.05,0.82,0.51,58.06
2025/08/07T23:00:24z,48:3f:da:2a:ee:34,7.04,3.0+OPENLOG+31954 MB+RV3028+BME68X+PMSX003-A+PMSX003-B,90,29,53,1008.60,0.00,9160,-49,1567266,1.20,2.20,6.64,1.20,2.20,6.64,9,9,428.64,124.93,22.27,7.22,6.20,4.37,3.09,3.86,5.05,3.09,3.86,5.05,16,16,676.18,191.12,18.32,2.96,1.48,1.41,57.56
2025/08/07T23:02:24z,48:3f:da:2a:ee:34,7.04,3.0+OPENLOG+31954 MB+RV3028+BME68X+PMSX003-A+PMSX003-B,91,29,55,1008.59,0.00,9160,-48,1567386,1.19,1.93,4.86,1.19,1.93,4.86,8,8,492.83,135.10,16.66,5.22,4.55,2.28,2.72,3.04,4.04,2.72,3.04,4.04,13,13,603.89,169.74,13.46,1.23,1.12,1.12,59.55
2025/08/07T23:04:24z,48:3f:da:2a:ee:34,7.04,3.0+OPENLOG+31954 MB+RV3028+BME68X+PMSX003-A+PMSX003-B,91,29,54,1008.56,0.00,8904,-52,1567506,1.05,1.93,4.32,1.05,1.93,4.32,8,8,434.89,119.84,16.42,5.00,3.79,1.79,2.69,3.53,4.08,2.69,3.53,4.08,15,15,647.08,189.19,14.86,2.44,0.54,0.25,58.07
2025/08/07T23:06:24z,48:3f:da:2a:ee:34,7.04,3.0+OPENLOG+31954 MB+RV3028+BME68X+PMSX003-A+PMSX003-B,90,29,54,1008.62,0.00,8904,-50,1567626,1.56,2.12,3.49,1.56,2.12,3.49,9,9,454.47,126.16,16.05,3.00,2.11,0.68,2.72,3.78,4.70,2.72,3.78,4.70,16,16,671.45,188.23,18.12,2.77,1.12,0.80,59.47
2025/08/07T23:08:24z,48:3f:da:2a:ee:34,7.04,3.0+OPENLOG+31954 MB+RV3028+BME68X+PMSX003-A+PMSX003-B,91,29,54,1008.62,0.00,9160,-47,1567746,0.85,2.20,4.22,0.85,2.20,4.22,9,9,449.69,118.47,22.22,5.54,3.10,1.22,2.91,3.30,3.50,2.91,3.30,3.50,14,14,661.98,188.00,10.89,0.43,0.30,0.04,58.90
2025/08/07T23:10:24z,48:3f:da:2a:ee:34,7.04,3.0+OPENLOG+31954 MB+RV3028+BME68X+PMSX003-A+PMSX003-B,89,29,53,1008.65,0.00,8904,-51,1567866,1.80,2.64,4.22,1.80,2.64,4.22,11,11,511.98,137.90,16.83,3.46,2.19,1.58,2.79,3.21,3.91,2.79,3.21,3.91,13,13,661.32,183.72,10.79,1.40,1.04,0.65,57.11
2025/08/07T23:12:24z,48:3f:da:2a:ee:34,7.04,3.0+OPENLOG+31954 MB+RV3028+BME68X+PMSX003-A+PMSX003-B,88,31,53,1008.64,0.00,8904,-50,1567986,1.68,2.30,4.61,1.68,2.30,4.61,10,10,455.21,130.26,16.00,3.32,3.32,2.05,2.60,3.17,3.83,2.60,3.17,3.83,13,13,687.70,184.57,13.30,1.97,0.92,0.50,60.49
2025/08/07T23:14:24z,48:3f:da:2a:ee:34,7.04,3.0+OPENLOG+31954 MB+RV3028+BME68X+PMSX003-A+PMSX003-B,87,31,53,1008.70,0.00,9160,-50,1568106,1.79,2.58,4.58,1.79,2.58,4.58,11,11,500.53,134.68,16.00,3.16,2.53,2.53,3.02,3.52,4.17,3.02,3.52,4.17,15,15,684.41,196.40,17.36,1.02,0.78,0.60,62.07
2025/08/07T23:16:24z,48:3f:da:2a:ee:34,7.04,3.0+OPENLOG+31954 MB+RV3028+BME68X+PMSX003-A+PMSX003-B,89,30,53,1008.63,0.00,8904,-50,1568226,1.31,1.88,4.53,1.31,1.88,4.53,8,8,525.05,140.64,17.44,4.22,4.22,1.73,3.14,4.02,4.46,3.14,4.02,4.46,17,17,766.79,217.70,22.07,1.47,0.88,0.65,61.23
2025/08/07T23:18:24z,48:3f:da:2a:ee:34,7.04,3.0+OPENLOG+31954 MB+RV3028+BME68X+PMSX003-A+PMSX003-B,88,30,53,1008.63,0.00,8904,-54,1568346,1.83,2.68,4.31,1.83,2.68,4.31,11,11,507.31,141.31,22.63,2.24,2.24,1.63,2.36,3.09,3.86,2.36,3.09,3.86,13,13,716.52,193.71,16.12,1.14,0.95,0.71,61.64
2025/08/07T23:20:24z,48:3f:da:2a:ee:34,7.04,3.0+OPENLOG+31954 MB+RV3028+BME68X+PMSX003-A+PMSX003-B,87,31,53,1008.67,0.00,9160,-50,1568466,1.72,3.14,5.05,1.72,3.14,5.05,13,13,519.26,138.72,21.26,4.76,2.07,2.07,2.83,3.53,4.17,2.83,3.53,4.17,15,15,653.85,190.43,15.00,1.40,0.82,0.57,64.45
2025/08/07T23:22:24z,48:3f:da:2a:ee:34,7.04,3.0+OPENLOG+31954 MB+RV3028+BME68X+PMSX003-A+PMSX003-B,88,31,53,1008.66,0.00,9160,-52,1568586,1.89,2.95,4.32,1.89,2.95,4.32,12,12,515.62,148.50,14.41,3.70,1.93,0.54,3.24,3.95,4.75,3.24,3.95,4.75,16,16,717.00,207.15,13.44,1.37,0.90,0.90,62.41
2025/08/07T23:24:24z,48:3f:da:2a:ee:34,7.04,3.0+OPENLOG+31954 MB+RV3028+BME68X+PMSX003-A+PMSX003-B,88,31,53,1008.62,0.00,8904,-48,1568706,1.90,3.08,4.10,1.90,3.08,4.10,13,13,538.93,158.59,23.08,2.90,1.78,0.00,3.73,4.12,4.73,3.73,4.12,4.73,17,17,758.80,213.83,13.47,1.76,0.76,0.76,60.38
2025/08/07T23:26:24z,48:3f:da:2a:ee:34,7.04,3.0+OPENLOG+31954 MB+RV3028+BME68X+PMSX003-A+PMSX003-B,86,32,53,1008.64,0.00,8904,-52,1568826,1.69,2.92,3.71,1.69,2.92,3.71,12,12,548.44,147.58,14.59,2.85,1.27,0.76,2.52,3.21,3.52,2.52,3.21,3.52,13,13,641.17,178.98,16.10,0.76,0.43,0.41,63.88
2025/08/07T23:28:24z,48:3f:da:2a:ee:34,7.04,3.0+OPENLOG+31954 MB+RV3028+BME68X+PMSX003-A+PMSX003-B,86,32,52,1008.62,0.00,9160,-52,1568946,2.14,3.59,6.52,2.14,3.59,6.52,15,15,544.03,155.19,27.67,7.55,4.50,1.97,3.07,4.00,5.02,3.07,4.00,5.02,17,17,700.78,204.27,21.36,2.46,1.42,0.97,62.93
2025/08/07T23:30:24z,48:3f:da:2a:ee:34,7.04,3.0+OPENLOG+31954 MB+RV3028+BME68X+PMSX003-A+PMSX003-B,88,31,54,1008.55,0.00,8904,-52,1569066,1.77,2.20,3.88,1.77,2.20,3.88,9,9,534.48,150.30,13.61,2.36,2.36,1.45,3.62,4.37,6.22,3.62,4.37,6.22,18,18,738.70,219.30,22.48,3.32,2.50,1.87,61.68
2025/08/07T23:32:24z,48:3f:da:2a:ee:34,7.04,3.0+OPENLOG+31954 MB+RV3028+BME68X+PMSX003-A+PMSX003-B,87,32,53,1008.57,0.00,8904,-50,1569186,1.72,2.93,4.95,1.72,2.93,4.95,12,12,505.09,141.31,15.10,5.12,3.00,2.38,2.91,3.59,3.97,2.91,3.59,3.97,15,15,724.81,201.52,18.21,1.71,0.64,0.24,60.31
2025/08/07T23:34:24z,48:3f:da:2a:ee:34,7.04,3.0+OPENLOG+31954 MB+RV3028+BME68X+PMSX003-A+PMSX003-B,86,32,52,1008.59,0.00,9160,-52,1569306,1.84,2.34,3.69,1.84,2.34,3.69,10,10,471.88,127.86,14.64,2.59,1.97,0.72,3.39,4.23,4.89,3.39,4.23,4.89,18,18,722.37,209.75,17.37,2.86,1.05,0.93,60.63
2025/08/07T23:36:24z,48:3f:da:2a:ee:34,7.04,3.0+OPENLOG+31954 MB+RV3028+BME68X+PMSX003-A+PMSX003-B,86,32,53,1008.59,0.00,9160,-53,1569426,1.77,2.50,3.05,1.77,2.50,3.05,10,10,459.70,125.30,15.75,1.75,0.70,0.70,2.84,3.30,4.07,2.84,3.30,4.07,14,14,624.11,175.63,12.77,1.74,1.07,0.93,61.17
2025/08/07T23:38:24z,48:3f:da:2a:ee:34,7.04,3.0+OPENLOG+31954 MB+RV3028+BME68X+PMSX003-A+PMSX003-B,83,33,51,1008.66,0.00,8904,-51,1569546,1.14,2.46,4.00,1.14,2.46,4.00,10,10,448.11,123.95,19.68,4.84,2.00,1.37,2.69,3.27,4.27,2.69,3.27,4.27,14,14,662.85,183.20,15.07,1.56,1.22,0.85,62.07
2025/08/07T23:40:24z,48:3f:da:2a:ee:34,7.04,3.0+OPENLOG+31954 MB+RV3028+BME68X+PMSX003-A+PMSX003-B,84,34,53,1008.63,0.00,8904,-51,1569666,2.02,2.81,6.90,2.02,2.81,6.90,12,12,525.57,147.31,21.26,6.93,4.97,3.62,3.25,3.88,4.32,3.25,3.88,4.32,16,16,733.95,205.67,16.30,0.90,0.48,0.48,63.12
2025/08/07T23:42:24z,48:3f:da:2a:ee:34,7.04,3.0+OPENLOG+31954 MB+RV3028+BME68X+PMSX003-A+PMSX003-B,82,34,51,1008.68,0.00,9160,-48,1569786,1.91,2.88,5.17,1.91,2.88,5.17,12,12,525.31,144.26,19.14,4.55,3.05,1.91,3.35,4.14,5.18,3.35,4.14,5.18,17,17,740.42,213.05,17.58,2.28,1.26,1.00,62.34
2025/08/07T23:44:25z,48:3f:da:2a:ee:34,7.04,3.0+OPENLOG+31954 MB+RV3028+BME68X+PMSX003-A+PMSX003-B,84,34,53,1008.62,0.00,8736,-51,1569906,1.95,2.71,4.46,1.95,2.71,4.46,11,11,514.93,144.92,21.61,3.05,2.44,1.42,3.88,4.75,5.75,3.88,4.75,5.75,20,20,782.68,224.95,23.67,2.25,1.33,1.09,61.83
2025/08/07T23:46:25z,48:3f:da:2a:ee:34,7.04,3.0+OPENLOG+31954 MB+RV3028+BME68X+PMSX003-A+PMSX003-B,82,35,51,1008.69,0.00,8736,-51,1570026,1.79,2.82,4.26,1.79,2.82,4.26,12,12,499.74,143.11,17.47,4.00,2.05,1.32,3.19,3.45,3.78,3.19,3.45,3.78,14,14,751.97,209.26,11.12,0.91,0.26,0.26,61.80
2025/08/07T23:48:25z,48:3f:da:2a:ee:34,7.04,3.0+OPENLOG+31954 MB+RV3028+BME68X+PMSX003-A+PMSX003-B,86,34,54,1008.63,0.00,8904,-51,1570146,1.56,2.86,4.20,1.56,2.86,4.20,12,12,497.75,142.98,21.05,3.20,1.93,1.27,3.35,4.22,5.24,3.35,4.22,5.24,18,18,740.89,209.07,21.29,2.42,1.51,1.11,60.63
2025/08/07T23:50:25z,48:3f:da:2a:ee:34,7.04,3.0+OPENLOG+31954 MB+RV3028+BME68X+PMSX003-A+PMSX003-B,87,32,53,1008.55,0.00,8904,-49,1570266,1.10,2.22,3.60,1.10,2.22,3.60,9,9,500.38,139.52,21.21,3.52,1.71,1.71,3.25,3.73,4.68,3.25,3.73,4.68,16,16,724.83,202.58,16.36,1.83,1.10,0.95,58.43
2025/08/07T23:52:25z,48:3f:da:2a:ee:34,7.04,3.0+OPENLOG+31954 MB+RV3028+BME68X+PMSX003-A+PMSX003-B,88,31,53,1008.49,0.00,8904,-48,1570386,1.79,2.98,4.46,1.79,2.98,4.46,12,12,545.62,149.41,21.38,4.29,2.25,0.32,2.71,3.29,3.86,2.71,3.29,3.86,14,14,702.62,198.57,12.19,1.47,0.84,0.43,58.05
2025/08/07T23:54:25z,48:3f:da:2a:ee:34,7.04,3.0+OPENLOG+31954 MB+RV3028+BME68X+PMSX003-A+PMSX003-B,87,32,53,1008.53,0.00,8904,-51,1570506,1.83,2.53,6.31,1.83,2.53,6.31,11,11,541.88,147.29,22.68,6.46,4.47,3.61,2.28,2.88,3.04,2.28,2.88,3.04,12,12,594.68,172.93,13.11,0.54,0.26,0.00,60.95
2025/08/07T23:56:25z,48:3f:da:2a:ee:34,7.04,3.0+OPENLOG+31954 MB+RV3028+BME68X+PMSX003-A+PMSX003-B,88,31,54,1008.54,0.00,8904,-49,1570626,1.44,2.44,4.51,1.44,2.44,4.51,10,10,521.03,146.90,21.97,3.81,3.25,0.92,2.88,3.48,4.14,2.88,3.48,4.14,15,15,757.39,211.52,15.71,0.93,0.75,0.75,61.96
2025/08/07T23:58:25z,48:3f:da:2a:ee:34,7.04,3.0+OPENLOG+31954 MB+RV3028+BME68X+PMSX003-A+PMSX003-B,90,31,55,1008.56,0.00,8904,-51,1570746,1.66,2.47,5.21,1.66,2.47,5.21,10,10,532.55,142.52,23.53,5.12,4.55,1.81,2.98,3.91,4.65,2.98,3.91,4.65,16,16,702.58,204.72,18.95,2.19,1.19,0.63,60.25